-1.499884409188651
-1.477507073759419
-1.455129738330187
-1.432752402900955
-1.410375067471723
-1.387997732042491
-1.365620396613259
-1.343243061184027
-1.320865725754795
-1.298488390325563
-1.276111054896331
-1.253733719467099
-1.231356384037867
-1.208979048608635
-1.186601713179403
-1.164224377750171
-1.141847042320939
-1.119469706891707
-1.097092371462475
-1.074715036033243
-1.052337700604011
-1.029960365174779
-1.007583029745547
-0.985205694316315
-0.962828358887084
-0.940451023457851
-0.918073688028620
-0.895696352599388
-0.873319017170156
-0.850941681740924
-0.828564346311692
-0.806187010882460
-0.783809675453228
-0.761432340023996
-0.739055004594764
-0.716677669165532
-0.694300333736300
-0.671922998307068
-0.649545662877836
-0.627168327448604
-0.604790992019372
-0.582413656590140
-0.560036321160908
-0.537658985731676
-0.515281650302444
-0.492904314873212
-0.470526979443980
-0.448149644014748
-0.425772308585516
-0.403394973156284
