-0.001032948347202 -0.001226158306383 -0.001557332307868 -0.002002996125339 -0.002525037514019 -0.003074939484644 -0.003603846735178 -0.004076863378602 -0.004482423440856 -0.004822345162138 -0.005094297209930 -0.005285876455668 -0.005382736818970 -0.005383693937264 -0.005298879770733 -0.005133936793748 -0.004867632312599 -0.004466391205365 -0.004096791408789 -0.003882906485776 
-0.001213764028930 -0.001433209030199 -0.001814319008344 -0.002331145454345 -0.002938193943095 -0.003572218271758 -0.004164480755705 -0.004667019570037 -0.005078559922565 -0.005421754790629 -0.005702391078315 -0.005898006612848 -0.005974545029998 -0.005931204772476 -0.005797693869864 -0.005610152677334 -0.005357454183688 -0.004835147168027 -0.004392827952998 -0.004149508342897 
-0.001518770656278 -0.001788474412744 -0.002267442977007 -0.002927024665396 -0.003708912285919 -0.004518823796608 -0.005238314470948 -0.005778980545437 -0.006173692019191 -0.006509700654703 -0.006814010552192 -0.007035360560190 -0.007070002965979 -0.006920402992374 -0.006661525006263 -0.006406531122815 -0.006316052684530 -0.005417542781978 -0.004848132642149 -0.004561058319343 
-0.001920356980163 -0.002263565771069 -0.002889650102767 -0.003772084290328 -0.004841000491675 -0.005955535248053 -0.006892352482860 -0.007433106482798 -0.007713245010088 -0.008002402776292 -0.008369081327026 -0.008706215320599 -0.008672601581769 -0.008312290720399 -0.007779364188856 -0.007210199259951 -0.006647963427157 -0.005923411475048 -0.005357660503583 -0.005055703400556 
-0.002370745550821 -0.002806709227181 -0.003624626749985 -0.004814251885111 -0.006314707496644 -0.007947160460859 -0.009300103042431 -0.009685204211789 -0.009558756621915 -0.009710678135755 -0.010229686007708 -0.011021150644961 -0.010862922412601 -0.010128780491083 -0.009188564792926 -0.008249370187499 -0.007377743492437 -0.006571382939952 -0.005956409667007 -0.005626155023805 
-0.002805191741374 -0.003342253133633 -0.004376232313013 -0.005937076522153 -0.008030134980662 -0.010551126384948 -0.012957456242228 -0.012698482018132 -0.011342747007058 -0.011236607981446 -0.011974972516972 -0.014490464713633 -0.013860243048162 -0.012407372085787 -0.010887790505204 -0.009534221923633 -0.008373313403737 -0.007394092185818 -0.006669164608954 -0.006282361927319 
-0.003156394387078 -0.003782819339461 -0.005010757745491 -0.006925691351960 -0.009669299938834 -0.013534836106000 -0.019437477041853 -0.016945242355468 -0.011974972516972 -0.011974972516972 -0.026346975520624 -0.021268553501069 -0.017927518153850 -0.015060424505728 -0.012777607081202 -0.011013431519924 -0.009596658088156 -0.008401705461328 -0.007511788746451 -0.007035943779702 
-0.003379315643919 -0.004059659514252 -0.005397263372424 -0.007497861984083 -0.010522812303364 -0.014671714189714 -0.019891181932922 -0.023697889598067 -0.017132179171328 -0.017049602039269 -0.022519239762137 -0.026464331096477 -0.021791573251632 -0.017484261814686 -0.014558550166122 -0.012583893144294 -0.011061427476613 -0.009612483018453 -0.008492550355828 -0.007890249478225 
-0.003475349864737 -0.004162213202819 -0.005500207309135 -0.007589591639589 -0.010608261569532 -0.014946804770912 -0.021797853880836 -0.043337001277188 -0.015806252531277 -0.017374609619101 -0.020256277689817 -0.040396653093108 -0.025552928502216 -0.018885020859827 -0.015802400771941 -0.014136469185661 -0.012910430192865 -0.011048401786746 -0.009596048220585 -0.008827009316096 
-0.003497535213468 -0.004145970667498 -0.005378457695873 -0.007239505959669 -0.009765513332829 -0.012930832844467 -0.016435580829223 -0.018597702470577 -0.011974972516972 -0.016400162806957 -0.020098737325995 -0.025394272199121 -0.021360945585967 -0.017004766571475 -0.015986075086522 -0.015599835787830 -0.015723632711626 -0.012639835685227 -0.010743548984418 -0.009796844031545 
-0.003536620270237 -0.004121823154319 -0.005199196263223 -0.006759311180433 -0.008731137601717 -0.010878722352055 -0.012544442162501 -0.011974972516972 -0.011974972516972 -0.016198938314040 -0.018438366840886 -0.019863133445303 -0.017680869714924 -0.011974972516972 -0.015800599440394 -0.016767052503897 -0.015839968844920 -0.013628539434442 -0.011762915285571 -0.010740797588450 
-0.003690181997642 -0.004209486937019 -0.005136521023237 -0.006435136940673 -0.008012112301296 -0.009669850043138 -0.011074621694145 -0.011948598077394 -0.013477413139737 -0.018032141365378 -0.017724216663863 -0.018110255824191 -0.017661462620702 -0.016881649189485 -0.018693680258618 -0.020118977369509 -0.017664850762055 -0.014975576050235 -0.012852713043681 -0.011661929972418 
-0.004036131489984 -0.004499617665781 -0.005304859070110 -0.006406127622873 -0.007720313823483 -0.009111819795868 -0.010389106368687 -0.011378541514837 -0.011974972516972 -0.015170856668879 -0.016472985589270 -0.017400508913841 -0.018174090096914 -0.019367678663460 -0.022167878731741 -0.027584023123369 -0.020175858521368 -0.016478556709561 -0.013898471121141 -0.012195855614019 
-0.004625201611015 -0.005045322294856 -0.005757177019654 -0.006711568269086 -0.007840702403101 -0.009062844237652 -0.010259131657838 -0.011328173571507 -0.012379246891910 -0.014308869868252 -0.015783481791902 -0.017070103752223 -0.018479630339686 -0.020412412436478 -0.023122301243829 -0.023915286917959 -0.019265240762354 -0.017449548762348 -0.014616743838700 -0.011974972516972 
-0.005492074871650 -0.005874354121125 -0.006504604538326 -0.007333449441040 -0.008305887259548 -0.009394562915087 -0.010500086310547 -0.011428737667802 -0.011974972516972 -0.014025301994091 -0.015468132201254 -0.016825693372741 -0.018445134429952 -0.020804891031719 -0.026052308981286 -0.025712972016964 -0.027156847454744 -0.019814399303497 -0.015465187749148 -0.012058307267136 
-0.006676594061319 -0.007009206005785 -0.007534146897515 -0.008213802696810 -0.009014651264988 -0.009994340928412 -0.011091960585642 -0.011974972516972 -0.013653743873273 -0.014426165672404 -0.015384279951461 -0.016479080064464 -0.017791211372551 -0.018361893412658 -0.022557396661173 -0.025753508271014 -0.023873864475438 -0.019478738393685 -0.015610871050017 -0.011974972516972 
-0.008245655574723 -0.008489764978129 -0.008815312110866 -0.009243019096397 -0.009815566182919 -0.010681915155097 -0.011974972516972 -0.022388481320214 -0.016239115328412 -0.015236196683120 -0.015255477719621 -0.016010991403142 -0.017925227955307 -0.017644590860992 -0.020082777522669 -0.030932436795995 -0.023275669972604 -0.018889776651007 -0.015764697750076 -0.013726874036961 
-0.010308558864836 -0.010418434804824 -0.010340516861465 -0.010305787297356 -0.010544918018285 -0.011095972302378 -0.011813166976882 -0.011974972516972 -0.014253611455326 -0.015046890483467 -0.014444396543459 -0.014426441114356 -0.015294852186251 -0.014208464553404 -0.017474940331572 -0.021133865030051 -0.019553451516961 -0.017268177189367 -0.015147135480153 -0.013659494978281 
-0.012991204854579 -0.013069844520281 -0.012226828715188 -0.011378027974082 -0.011225735876418 -0.011532867579897 -0.012277523588586 -0.013853546701356 -0.013756872734485 -0.012890418922565 -0.013074252576735 -0.011974972516972 -0.014625349547183 -0.011974972516972 -0.014508279175592 -0.016647635805482 -0.016639445802295 -0.015619706104331 -0.014111659531586 -0.012668903133284 
-0.016219318843073 -0.017088756118960 -0.014459820160396 -0.011974972516972 -0.011689449968546 -0.011715100451727 -0.011974972516972 -0.017424712113651 -0.014036462303076 -0.011974972516972 -0.012994519630069 -0.014957573003134 -0.019258223953972 -0.011974972516972 -0.011974972516972 -0.014419054979051 -0.014877009981355 -0.014592072871299 -0.013243337339636 -0.012369458553421 
-0.018986073076209 -0.024843249623739 -0.016712387418227 -0.013149159900153 -0.011974972516972 -0.011791886030887 -0.011974972516972 -0.013682477519445 -0.012990994658201 -0.012381557944088 -0.011974972516972 -0.015607343593222 -0.018550574609473 -0.015500825923269 -0.014292641817996 -0.014326278369074 -0.014022407907190 -0.013331982522532 -0.012360842404075 -0.011724784524502 
-0.016056957743424 -0.017284969858307 -0.014483029595290 -0.011974972516972 -0.011740136909185 -0.011629138922672 -0.011808104082249 -0.012388249312109 -0.012545502865446 -0.012592735656879 -0.013479038443829 -0.016957607264758 -0.023847779794090 -0.017219193741782 -0.015481665877448 -0.014816117905603 -0.013933407223705 -0.012875153756968 -0.011868759912198 -0.011264084168258 
-0.011974972516972 -0.013791538206011 -0.011986783260073 -0.011786411847230 -0.011553587780255 -0.011405265994397 -0.011436098875218 -0.011651019379488 -0.011837223412724 -0.011974972516972 -0.012401110947710 -0.014911716284637 -0.017173719284369 -0.016343464469916 -0.015702965581031 -0.015800842358137 -0.014513011797777 -0.013073999357565 -0.011871903783723 -0.011191469263015 
-0.016917675277465 -0.013928762533453 -0.011974972516972 -0.011742181870706 -0.011502559757198 -0.011287501588179 -0.011174741470475 -0.011201015187677 -0.011336215382618 -0.011584646996965 -0.011974972516972 -0.013142881545684 -0.013598832282650 -0.015280650647624 -0.016403021696414 -0.018377552217146 -0.015748875454532 -0.013807904967264 -0.012325279195708 -0.011501700416325 
-0.014269352703351 -0.013035825150527 -0.011974972516972 -0.011814333180322 -0.011629020481542 -0.011349846540449 -0.011106582186556 -0.010985305209705 -0.011019631533739 -0.011232531773389 -0.011625663519876 -0.012144894696147 -0.011974972516972 -0.014779060568955 -0.016222675995869 -0.017571767836645 -0.016748362293172 -0.014836928496405 -0.013063913168926 -0.011978456350313 
-0.012880195171978 -0.011974972516972 -0.011974972516972 -0.011974972516972 -0.011974972516972 -0.011600972967805 -0.011228722529625 -0.010983413964561 -0.010904697177262 -0.011030423784155 -0.011383314755132 -0.011964791282320 -0.012879583453139 -0.015641314799408 -0.016147331674816 -0.017766368975360 -0.019224107176748 -0.016391589689848 -0.013872822183570 -0.011993110530274 
-0.012449013694746 -0.012736453584099 -0.014578307058145 -0.023174120542749 -0.015612576305991 -0.011974972516972 -0.011472565282292 -0.011155334085368 -0.010977166126932 -0.010988151652798 -0.011226121066631 -0.011636374032113 -0.011974972516972 -0.013645147221803 -0.014994738432528 -0.018226101342777 -0.026250810539259 -0.018127944777720 -0.014448623498928 -0.012356103573305 
-0.011846245839176 -0.011996601362181 -0.011974972516972 -0.015814409583986 -0.015326239647520 -0.011974972516972 -0.011698218311469 -0.011461936829175 -0.011209649781243 -0.011097532727425 -0.011225301940518 -0.011567890911649 -0.011922408206541 -0.011974972516972 -0.011974972516972 -0.013909625278260 -0.017567050908444 -0.015786731954448 -0.013739903586206 -0.011974972516972 
-0.011287493685406 -0.011530223795623 -0.011937258052141 -0.012782305628973 -0.019233919480198 -0.025708342669962 -0.011974972516972 -0.011974415254407 -0.011575126301900 -0.011306541846454 -0.011335323887271 -0.011710542410929 -0.012253980095851 -0.012121898128354 -0.011974972516972 -0.012736624385561 -0.014488535477356 -0.014040431583523 -0.013012788827604 -0.011974972516972 
-0.010781377238572 -0.011084553343761 -0.011545858023352 -0.011974972516972 -0.028562949210328 -0.011974972516972 -0.011974972516972 -0.012984840508814 -0.011974972516972 -0.011510975049703 -0.011412554304248 -0.011910610617180 -0.013340664933491 -0.012329690673937 -0.011974972516972 -0.012784317583568 -0.013745774347902 -0.013172634363497 -0.012559244001843 -0.011984080669003 
-0.010378302447294 -0.010748696447104 -0.011324115080427 -0.011974972516972 -0.015488667566404 -0.011974972516972 -0.012989195649281 -0.016031865057818 -0.012896681511223 -0.011626541455134 -0.011215456683952 -0.011400360687516 -0.011928890614989 -0.011967308831077 -0.012179238611778 -0.012728675974480 -0.013108708146157 -0.012603744378211 -0.012337330368870 -0.011974972516972 
-0.010121730538972 -0.010559311882676 -0.011223699642820 -0.011974972516972 -0.013026729103756 -0.012381413492146 -0.011974972516972 -0.013202570692563 -0.012152739074512 -0.011226625948123 -0.010811173518892 -0.010885365144836 -0.011261006170003 -0.011653421228459 -0.012222612905432 -0.012982265212824 -0.013478314288640 -0.011974972516972 -0.012425548254461 -0.012036441736708 
-0.010036433572262 -0.010569719487554 -0.011317341961833 -0.011868014722242 -0.012345697205175 -0.012599122257561 -0.012516928554926 -0.012737963105487 -0.011567860672671 -0.010728733425380 -0.010362825402223 -0.010463920105759 -0.010892844568066 -0.011453014850323 -0.012318647610406 -0.013661034740664 -0.015898770670050 -0.014414073026333 -0.013489247588824 -0.012804103131130 
-0.010073144947098 -0.010813803447288 -0.011902302085921 -0.012007801933576 -0.011974972516972 -0.013240197338586 -0.012828463428062 -0.012050828055895 -0.010999628933746 -0.010225719697526 -0.009918289604268 -0.010088348711994 -0.010626127295982 -0.011230825684324 -0.012200235557216 -0.013605895679149 -0.015398327371692 -0.016404692942229 -0.014489908470420 -0.013050254572542 
-0.010028028385037 -0.011119597606526 -0.013657848091701 -0.012398368469560 -0.011974972516972 -0.015655481443991 -0.013676372973861 -0.011927229313222 -0.010600856403028 -0.009778202773986 -0.009480205385383 -0.009654657966619 -0.010178378520949 -0.010908087014297 -0.011927431376541 -0.013382790569117 -0.015815704157772 -0.021414915526447 -0.015153376673436 -0.011974972516972 
-0.009555145298733 -0.010336535278670 -0.011551458793791 -0.012051470259894 -0.013132712113880 -0.023800701999595 -0.014450287767198 -0.011737584510827 -0.010206588991124 -0.009374202686714 -0.009104051365404 -0.009302355181798 -0.009852394606522 -0.010625467466966 -0.011525164310587 -0.012420116411218 -0.013191696192598 -0.012728109999318 -0.012798285289759 -0.011929314176514 
-0.009034662914099 -0.009619805635226 -0.010491154049351 -0.011324854402519 -0.012415565292807 -0.014099445221680 -0.011974972516972 -0.010736906282055 -0.009654168684226 -0.009002711051044 -0.008823899039970 -0.009085177596384 -0.009710383288942 -0.010574746639146 -0.011437869805181 -0.011826480192197 -0.011945799721805 -0.011706167625959 -0.011490064371373 -0.011147335093927 
-0.008708460229569 -0.009205343131160 -0.009949581300631 -0.010705167448680 -0.011315273114255 -0.011672591944619 -0.010884672048520 -0.010013738747728 -0.009246284971327 -0.008767108098239 -0.008673365099803 -0.008998514678510 -0.009741274465871 -0.010864182945177 -0.012100927251726 -0.011741796209191 -0.011253985073535 -0.010807201256794 -0.010465607849582 -0.010222541456657 
-0.008640811560817 -0.009144893490564 -0.009937810562169 -0.010707652524409 -0.010887555339955 -0.010777327909364 -0.010311515085581 -0.009736750530577 -0.009164095202980 -0.008757446826121 -0.008661714695390 -0.008969803116747 -0.009772657542941 -0.011316921825878 -0.014533562626928 -0.011978718658236 -0.010731683080173 -0.010005037601151 -0.009558451534979 -0.009320703967734 
-0.008720979250764 -0.009329610623416 -0.010448980425024 -0.011769577529943 -0.011239662147306 -0.010750955947365 -0.010393885887690 -0.010046185580161 -0.009526553787666 -0.009027485164136 -0.008777721887807 -0.008892702303995 -0.009404126318288 -0.010294566922224 -0.011348575165488 -0.011020377928883 -0.009922321869451 -0.009217310209932 -0.008779399418425 -0.008556856351098 
-0.008683929462908 -0.009412259127939 -0.011126473097932 -0.014989256864756 -0.011974972516972 -0.011080050680381 -0.010972220283228 -0.011042667432165 -0.010412539944205 -0.009586038176306 -0.009019282560515 -0.008834265196483 -0.008984715032119 -0.009343084636536 -0.009669970300210 -0.009505593090912 -0.008990030756356 -0.008530314722873 -0.008209686812422 -0.008028015155739 
-0.008251445747876 -0.008793571432263 -0.009859964248894 -0.011211921239118 -0.010919739855216 -0.010997435914467 -0.011719848883505 -0.013053169025392 -0.011915656709532 -0.010344268555587 -0.009313344403296 -0.008811473725974 -0.008664746466248 -0.008693377512387 -0.008729274284088 -0.008602771683704 -0.008345224092975 -0.008112741666768 -0.007952292478053 -0.007797156826582 
-0.007533363439330 -0.007901472882664 -0.008561403113703 -0.009325705856764 -0.009791235516720 -0.010534218852212 -0.011974972516972 -0.022130500872722 -0.014149036233522 -0.010946825861196 -0.009453782884275 -0.008749577823717 -0.008438759708371 -0.008311622445489 -0.008246815403531 -0.008157337903568 -0.008043684707459 -0.008016299193470 -0.008093237914695 -0.007850236376353 
-0.006711686598917 -0.006977707164606 -0.007445943043271 -0.008040198718891 -0.008683043658469 -0.009581174700171 -0.011068093669334 -0.013739537277649 -0.011883599507916 -0.010194297198548 -0.009145863506722 -0.008577810586751 -0.008278427462189 -0.008138131207982 -0.008090348445991 -0.008064254687098 -0.008003006383088 -0.008138480881292 -0.008812291903468 -0.008017687194404 
-0.005905498747731 -0.006120157377422 -0.006503295503375 -0.007025260926080 -0.007640496900070 -0.008334166987106 -0.009228634064933 -0.010146657960809 -0.009785297508445 -0.009158156231241 -0.008692445205239 -0.008427627316551 -0.008226342477598 -0.008147407588049 -0.008197399677969 -0.008299016617858 -0.008080548370027 -0.007964295147668 -0.007974954279392 -0.007711763890663 
-0.005162063585784 -0.005353160375772 -0.005705075778458 -0.006214635615875 -0.006823295085049 -0.007217661261208 -0.007708610344050 -0.008186029771322 -0.008311325015182 -0.008302711288130 -0.008346823374683 -0.008484711482232 -0.008321918956133 -0.008297702451090 -0.008498124109965 -0.009059389179016 -0.008386761424401 -0.008049878887470 -0.007820471455586 -0.007622978851608 
-0.004493259168208 -0.004667891324405 -0.005001240403816 -0.005542847375727 -0.006425505369110 -0.006317471423111 -0.006565445620577 -0.006944961612901 -0.007306907874598 -0.007674700786150 -0.008142170548886 -0.009021882782609 -0.008522389109494 -0.008481764287669 -0.008629240795896 -0.008842903203883 -0.008717163419577 -0.008521618933999 -0.008210565905179 -0.007966818911655 
-0.003917966687648 -0.004063278334989 -0.004323386505382 -0.004700973221815 -0.005142609381996 -0.005352999113943 -0.005653649620547 -0.006074174088419 -0.006574543969934 -0.007114932146731 -0.007656315545846 -0.008239636638243 -0.008484100233476 -0.008758570771319 -0.008994038524502 -0.009290820230337 -0.009561632618922 -0.009667193543725 -0.009193977007291 -0.008786697343407 
-0.003487404255656 -0.003605272863129 -0.003800621146335 -0.004067463842351 -0.004372219096214 -0.004654066966774 -0.005008044810260 -0.005472610747165 -0.006034233110855 -0.006653560172205 -0.007296998945766 -0.007982505114864 -0.008655294528926 -0.009352651530365 -0.009630524756412 -0.010148055919766 -0.011020098872492 -0.011921699957185 -0.010770710088712 -0.009936457748834 
-0.003256240119390 -0.003358829140280 -0.003520236557661 -0.003737503699019 -0.003998092199508 -0.004295125901596 -0.004673551319157 -0.005161155136311 -0.005750219521706 -0.006412282103507 -0.007135205229463 -0.007967749248171 -0.009013986478326 -0.010557247823140 -0.010319084707856 -0.010996245946176 -0.012801721903988 -0.016584511125749 -0.012608678053921 -0.010948718235244 
