-0.002504958419429 -0.002651869838397 -0.002871964367637 -0.003183543686621 -0.003575406404639 -0.004027181068790 -0.004574449320964 -0.005245070971434 -0.006046681793489 -0.006970865043901 -0.008010431372493 -0.009193493828955 -0.010613168226498 -0.012380250695657 -0.014536524152516 -0.016932653309966 -0.018818473234429 -0.016433418712006 -0.016433418711008 -0.016433418710476 
-0.002618419635753 -0.002796060934219 -0.003015288877294 -0.003361832913856 -0.003817971445754 -0.004335405554287 -0.004974798156177 -0.005761102883978 -0.006689562190546 -0.007726956885459 -0.008822519907386 -0.009958858284687 -0.011250783491727 -0.012867658931395 -0.014965832190708 -0.017848653411176 -0.023274155062712 -0.020460057665522 -0.016433418712006 -0.016433418712006 
-0.002726670739595 -0.003014279719135 -0.003186443606137 -0.003597089240949 -0.004170261815158 -0.004817446181339 -0.005636230845776 -0.006645748801566 -0.007829221569365 -0.009115864868916 -0.010354586793361 -0.011370058552171 -0.012351853364854 -0.013565045521338 -0.015099969422981 -0.016433418712006 -0.036079191665343 -0.025777046448071 -0.023846426282785 -0.031157676046734 
-0.002665088814711 -0.002895845879698 -0.003238447004774 -0.003773033764129 -0.004491050941857 -0.005369696674488 -0.006462516928553 -0.007803650140980 -0.009395531316750 -0.011160062932042 -0.012788316077939 -0.013545529879150 -0.013957298667397 -0.014593979754285 -0.015855804978787 -0.018275077493813 -0.024011042853229 -0.022899634341978 -0.022686760522087 -0.024612935372630 
-0.002563616094292 -0.002817442895466 -0.003268022461139 -0.003937002864556 -0.004830742341275 -0.005956912647036 -0.007358128358298 -0.009090887740483 -0.011229642464844 -0.013845692223254 -0.016673695925859 -0.016724709998844 -0.016044775248492 -0.015695236154826 -0.016071288763622 -0.017309163473305 -0.019287898435129 -0.019637904754452 -0.019875296852214 -0.020471627836722 
-0.002474659956105 -0.002768657110161 -0.003308823868340 -0.004106651014184 -0.005173976842620 -0.006528647356989 -0.008209133120791 -0.010285126457720 -0.012926291304378 -0.016698313193202 -0.023793194843114 -0.021208752578630 -0.018475286663323 -0.016804294945654 -0.016186550670648 -0.016371391978913 -0.016982572689580 -0.017296872019148 -0.017512126698254 -0.017730119266729 
-0.002426891861076 -0.002760641174072 -0.003377347233446 -0.004287588192809 -0.005504483329489 -0.007044341656597 -0.008926808080866 -0.011162180081182 -0.013717680071902 -0.016433418712006 -0.040864966420010 -0.026297533935843 -0.020434417324003 -0.017544560130157 -0.016298960459414 -0.015893713647158 -0.015923035906569 -0.016042809651406 -0.016147923758886 -0.016209311152783 
-0.002439150461233 -0.002806807233978 -0.003485728154108 -0.004485720851576 -0.005818954236868 -0.007499287251726 -0.009537387326084 -0.011912325323106 -0.014457780137905 -0.016433418712006 -0.025278979645010 -0.022986968058043 -0.019834651789296 -0.017091527082535 -0.016254612802118 -0.015822539773341 -0.015715568998131 -0.015807151936226 -0.015852715723484 -0.015774592230843 
-0.002523043488814 -0.002917681725861 -0.003644096982178 -0.004708694887219 -0.006119958667759 -0.007891663223249 -0.010051581837794 -0.012659724628761 -0.015846184874385 -0.019885338078031 -0.020900590845273 -0.020719051835510 -0.018985025037041 -0.016433418712006 -0.016243692834982 -0.016060840381255 -0.016063961213498 -0.016453749729868 -0.016535926730106 -0.016099038817106 
-0.002684642381567 -0.003100778514154 -0.003862107716995 -0.004967172655047 -0.006413376500617 -0.008202162505148 -0.010357166455089 -0.012980236770978 -0.016433418712006 -0.026373403342520 -0.021437291506232 -0.020107321230242 -0.019036915258949 -0.016433418712006 -0.016433418712006 -0.016433418712006 -0.016433418712006 -0.017934494339711 -0.018261709779790 -0.016433418712006 
-0.002929847240168 -0.003365122026010 -0.004154047006880 -0.005283114823789 -0.006729768871658 -0.008461418275523 -0.010436894177830 -0.012607113661650 -0.014849585909210 -0.016433418712006 -0.018404377287918 -0.019304868869863 -0.020670895933510 -0.024263144270489 -0.018815707316951 -0.018393043177024 -0.019091666692774 -0.020792587903078 -0.022288420625041 -0.033151644753317 
-0.003271829230268 -0.003727281750688 -0.004543621708552 -0.005694651802498 -0.007136903697962 -0.008801243048993 -0.010580980459474 -0.012341229354843 -0.014011558943857 -0.015390490908615 -0.016467017221256 -0.018086068959569 -0.020108788126844 -0.025260231236431 -0.020536659881488 -0.019231387491326 -0.026773072650194 -0.023906414024879 -0.023657387340770 -0.026207226257574 
-0.003734517716310 -0.004213121018112 -0.005062065885420 -0.006245476529319 -0.007707207088822 -0.009355659452145 -0.011016230675037 -0.012384224525688 -0.013624298252576 -0.014739070272015 -0.015703286243938 -0.016511896508868 -0.016433418712006 -0.019241595535935 -0.018839315575146 -0.016433418712006 -0.024244776232220 -0.024423574373636 -0.022235276308045 -0.016433418712006 
-0.004348220185212 -0.004853014494488 -0.005740863231990 -0.006968962685112 -0.008483428478858 -0.010221192961875 -0.012004382113248 -0.012799545860455 -0.013584933973298 -0.014421884266968 -0.015229574212866 -0.015907613692290 -0.016251394848068 -0.016433418712006 -0.019145590018706 -0.022806372213463 -0.029353919727443 -0.027318398439033 -0.024432510831118 -0.021185979780939 
-0.005140327188420 -0.005674467627145 -0.006606474970227 -0.007878252745501 -0.009432333272204 -0.011335011874508 -0.014164448155717 -0.013474438209465 -0.013766740372769 -0.014391737794887 -0.015099600171146 -0.015784610295221 -0.016293973513568 -0.016433418712006 -0.020031793773586 -0.026292560395702 -0.062113435593679 -0.031067522741085 -0.026992886027787 -0.045559864636400 
-0.006127782215689 -0.006697788632144 -0.007688183848602 -0.008998270646882 -0.010435532472413 -0.011774124570098 -0.013051388895069 -0.013431590175622 -0.013934609212944 -0.014593105785391 -0.015263806810924 -0.016027663057158 -0.016794185792425 -0.016433418712006 -0.019028914114633 -0.023224664829781 -0.027623027650874 -0.024294495259949 -0.019315657420804 -0.016433418712006 
-0.007313484805969 -0.007928982618164 -0.009027906275954 -0.010502540851390 -0.011975067835215 -0.012642969142558 -0.013154029521965 -0.013619990077268 -0.014312841108971 -0.015128275034467 -0.015631003399358 -0.016433418712006 -0.018505454102070 -0.024398342311018 -0.016433418712006 -0.019976415324612 -0.021920159414627 -0.020594485166600 -0.017302797826957 -0.016433418712006 
-0.008686872672698 -0.009327269675271 -0.010577487767329 -0.012509237735426 -0.014740762240829 -0.014079653039653 -0.013707141499564 -0.013982690959601 -0.014941346315138 -0.016300135260978 -0.015944435949820 -0.015970142021246 -0.016433418712006 -0.018309293849588 -0.016433418712006 -0.018389339821041 -0.019544703401687 -0.018891925700051 -0.017055863935142 -0.016433418712006 
-0.010254017567880 -0.010783170604296 -0.012024681965005 -0.014659272397646 -0.020688691166253 -0.015615065881313 -0.014035157492745 -0.014064897300807 -0.015496586677080 -0.019403242826821 -0.016130205977079 -0.015238512022471 -0.015346667217843 -0.016062867145424 -0.016351874529636 -0.017711736446792 -0.019061149149783 -0.018417042428235 -0.017210241421641 -0.016433418712006 
-0.012141762013541 -0.012206198085125 -0.012656135908420 -0.013780538767022 -0.015281795092302 -0.014027675996287 -0.013189413542610 -0.013146469868104 -0.013839980218318 -0.014907983574936 -0.014212270779148 -0.013816790058868 -0.013939518920532 -0.014521568815956 -0.015432485693228 -0.017214709049748 -0.020640966308070 -0.018547636269696 -0.018391306129822 -0.033026011732628 
-0.014786015265883 -0.013923878809282 -0.013240242047366 -0.013056301170934 -0.013076409384280 -0.012510252410019 -0.012044260294734 -0.011951796117417 -0.012199957386490 -0.012516441005626 -0.012386839121863 -0.012305616549185 -0.012510318626270 -0.013071377048252 -0.013989100324245 -0.015271096415467 -0.016433418712006 -0.016782370807079 -0.016778929558302 -0.016433418712006 
-0.018989573454116 -0.016090515082070 -0.013963040578289 -0.012741789999241 -0.012036670380331 -0.011460625427664 -0.011072346063459 -0.010925049629752 -0.010958447310454 -0.011020689631455 -0.010989420370865 -0.011019773603995 -0.011257345991999 -0.011784504244323 -0.012623140890195 -0.013713159285617 -0.014786958138789 -0.015467515732787 -0.015578310327743 -0.015475455065706 
-0.026517251977445 -0.017991340373946 -0.014369625654909 -0.012526331851169 -0.011474795695277 -0.010809593717902 -0.010412673271243 -0.010229822527509 -0.010168855096648 -0.010101098065092 -0.010043528173324 -0.010080503692599 -0.010300297250785 -0.010771648485335 -0.011533994554393 -0.012575358116342 -0.013789963542788 -0.014903130424211 -0.014745794535361 -0.014551708820912 
-0.016561410669178 -0.015353284682549 -0.013504345625568 -0.012076774767465 -0.011089027487677 -0.010433292281481 -0.010044273656107 -0.009869807862014 -0.009809591164070 -0.009626942027138 -0.009509909292175 -0.009518395070534 -0.009693429027200 -0.010080846874944 -0.010737216110871 -0.011728839959380 -0.013202506338903 -0.015765637927623 -0.014136218727940 -0.013629996174332 
-0.014327946283209 -0.013681525647449 -0.012652266609073 -0.011660060762136 -0.010848152351946 -0.010250227849789 -0.009879370205540 -0.009742164235026 -0.009841554034629 -0.009469419820087 -0.009321286270992 -0.009329522189908 -0.009464945675886 -0.009732972794081 -0.010187852238376 -0.010883104788528 -0.011814932783078 -0.012784291527777 -0.012606476431100 -0.012436564630920 
-0.013080235548126 -0.012747902685210 -0.012146500602191 -0.011450444969087 -0.010779799615192 -0.010216387429306 -0.009816018402967 -0.009599110316200 -0.009520869343805 -0.009404979878458 -0.009410547373863 -0.009524514815250 -0.009670740603706 -0.009796698496818 -0.009987582693914 -0.010327071733936 -0.010804041744807 -0.011257256884006 -0.011366840715981 -0.011370168230769 
-0.012621209282788 -0.012459534235309 -0.012082715062482 -0.011541777139671 -0.010931092599021 -0.010354033201710 -0.009897271330149 -0.009615480250666 -0.009518943938019 -0.009580004745642 -0.009824643411989 -0.010178630384581 -0.010438548736759 -0.010377883066834 -0.010233339830392 -0.010197809668588 -0.010313074561129 -0.010494542494453 -0.010609009235038 -0.010661019877350 
-0.012835213974983 -0.012775707326996 -0.012517474518359 -0.012008945950706 -0.011363067558169 -0.010711883504669 -0.010166859833353 -0.009821441851321 -0.009747223067102 -0.009993156884172 -0.010582886580770 -0.011407335259768 -0.012041420966812 -0.011607841693082 -0.010968070624217 -0.010509927324060 -0.010302838261811 -0.010279111681942 -0.010331700265667 -0.010383972644448 
-0.013643437156013 -0.013686898023466 -0.013537753143120 -0.012928529024498 -0.012137176481602 -0.011344278962779 -0.010662631206027 -0.010216530952756 -0.010138026287428 -0.010556306603319 -0.011593304505134 -0.013292841810576 -0.015174367944874 -0.013580988776142 -0.012117035693178 -0.011179598521673 -0.010682344219984 -0.010488930111064 -0.010469863535968 -0.010507776579913 
-0.014933039414736 -0.015166997429501 -0.015329012871358 -0.014346341813544 -0.013274577584501 -0.012292548917321 -0.011416911221464 -0.010791895460281 -0.010609889831419 -0.011075247419566 -0.012467905369703 -0.015425221435400 -0.022099329176609 -0.015912607489045 -0.013324992828321 -0.012021103008162 -0.011335804164244 -0.011016092018632 -0.010914377539315 -0.010912315255501 
-0.016460701767023 -0.017025570227599 -0.018472388037114 -0.016131616025235 -0.014682747931357 -0.013585657296069 -0.012462658645096 -0.011541884550094 -0.011095808158288 -0.011323671416118 -0.012358555425798 -0.014220658113746 -0.016376729319673 -0.015104419677001 -0.013826427073426 -0.012847222062068 -0.012190687304759 -0.011797403503671 -0.011574342490162 -0.011478479124144 
-0.017811197280838 -0.018196780279833 -0.018492778768053 -0.017239073224477 -0.016063963952194 -0.015338814541101 -0.013854380094830 -0.012465125617789 -0.011621791464877 -0.011496451983629 -0.012112333977090 -0.013315326083987 -0.014586240294771 -0.014853866123553 -0.014606048369908 -0.013926075838989 -0.013325766721319 -0.012888198717745 -0.012498343775610 -0.012266952837959 
-0.019102492026855 -0.019651669583550 -0.020198360084440 -0.018449049410440 -0.017254889514876 -0.018216184896984 -0.015652281563032 -0.013468145566346 -0.012145309193203 -0.011687723286010 -0.012032650797091 -0.013043557843580 -0.014426575574750 -0.015686224495123 -0.016327344551677 -0.015420184228826 -0.014777859711170 -0.014384479776848 -0.013688633770504 -0.013226824516072 
-0.020116324563575 -0.021264665025388 -0.024307651926635 -0.019205916676226 -0.016433418712006 -0.024843002593256 -0.017429829996248 -0.014160951586817 -0.012468747799226 -0.011807556622650 -0.012035860547655 -0.013111959879630 -0.015008144935219 -0.017609455037850 -0.019909158120668 -0.016990772256287 -0.016344697977811 -0.016553663129690 -0.015042750507852 -0.014136723071038 
-0.020214564914930 -0.021069164784374 -0.036600491884015 -0.022104089160087 -0.016433418712006 -0.016433418712006 -0.015550259725865 -0.013724116868551 -0.012346767072462 -0.011702011683626 -0.011886912950677 -0.013024074104514 -0.015427485760390 -0.020136841626424 -0.031121600119323 -0.016433418712006 -0.017272553989086 -0.020664212826293 -0.016126115436269 -0.014524331506796 
-0.019677987957608 -0.019871297627218 -0.025072940507634 -0.021858206878722 -0.018412458642643 -0.016433418712006 -0.014854312650351 -0.013248337014961 -0.012011117219993 -0.011360089519101 -0.011416141836881 -0.012276802638234 -0.014033026252419 -0.016655211964605 -0.019120755236608 -0.016292527786470 -0.015755318096598 -0.016031867428134 -0.014565885617005 -0.013677480195370 
-0.019282777399909 -0.020111228584759 -0.022085226415243 -0.021939022361702 -0.018993355977574 -0.016433418712006 -0.014457116782207 -0.012802936393632 -0.011571936930277 -0.010855974193768 -0.010721716090766 -0.011201201387612 -0.012247250236170 -0.013609967779902 -0.014580471810275 -0.014020380600257 -0.013642919557148 -0.013402334729171 -0.012778354383224 -0.012339673168400 
-0.018676227426535 -0.019580454633407 -0.021462262691810 -0.024923217220854 -0.019258124180234 -0.016261608495985 -0.014056502665848 -0.012353134043719 -0.011097021204808 -0.010296468172998 -0.009970257132166 -0.010111361038038 -0.010640356468172 -0.011346423412895 -0.011860070326578 -0.011852801792750 -0.011707578827281 -0.011509699874594 -0.011210490617745 -0.010997964533537 
-0.017935126710229 -0.018575038696250 -0.019542556052866 -0.020171426694003 -0.017905522129310 -0.015564207464577 -0.013544808296075 -0.011910510915259 -0.010660100973555 -0.009789537274620 -0.009301822425098 -0.009182715245174 -0.009368050355982 -0.009718848334727 -0.010036971402658 -0.010172815455631 -0.010182405628248 -0.010107535106436 -0.009983266753379 -0.009893384320295 
-0.017293632925985 -0.017760478998890 -0.018326637832361 -0.018559057366281 -0.016906730940122 -0.014923528225281 -0.013097875786885 -0.011567417030760 -0.010347967584120 -0.009430695334581 -0.008816808840015 -0.008501069984381 -0.008449706763897 -0.008584363245360 -0.008792170889123 -0.008973150633666 -0.009089019668191 -0.009129207248446 -0.009130043172461 -0.009126449144603 
-0.016647933797659 -0.017229031970761 -0.017734358765147 -0.019045709152201 -0.016568219387374 -0.014556524710851 -0.012838367978469 -0.011406900974953 -0.010236233858835 -0.009299462387740 -0.008591531446081 -0.008115980420270 -0.007875020751928 -0.007844114544440 -0.007965293251994 -0.008163640148759 -0.008364046473299 -0.008510128731643 -0.008632599386917 -0.008721988349320 
-0.016433418712006 -0.016939552843300 -0.016433418712006 -0.017520483078764 -0.016081806020537 -0.014352888846789 -0.012797153592600 -0.011486838054866 -0.010393842247945 -0.009475788443503 -0.008705194889517 -0.008077183290489 -0.007642685294125 -0.007437779890258 -0.007452972270054 -0.007635747404926 -0.007897426895451 -0.008158539807788 -0.008437328176079 -0.008676949123352 
-0.016433418712006 -0.017725577532304 -0.017843319328763 -0.018632471394870 -0.016244416628712 -0.014480534573275 -0.013060216514219 -0.011888759861502 -0.010910658338905 -0.010064829468322 -0.009268804213183 -0.008452101532991 -0.007767483136883 -0.007335393868317 -0.007190920685013 -0.007300139124243 -0.007586965709984 -0.007980751380278 -0.008466097808330 -0.009012174714952 
-0.018874615908141 -0.019765613966530 -0.018673408929729 -0.017734027312653 -0.016210354310589 -0.014838673457630 -0.013688519570447 -0.012697961364147 -0.011877580226165 -0.011187661847839 -0.010451726057187 -0.009315289841547 -0.008257610129481 -0.007520662152558 -0.007166318758064 -0.007163940367150 -0.007441736778386 -0.007927313925511 -0.008562134938625 -0.009198987465020 
-0.020540771059847 -0.023896516993020 -0.019607425223453 -0.017812303904880 -0.016578212041084 -0.015610632855270 -0.014801151590516 -0.013958437377262 -0.013299718940445 -0.012909046364239 -0.012575275236306 -0.010690339377866 -0.009050479503810 -0.007935983143274 -0.007346111150356 -0.007213961326930 -0.007453636151313 -0.007992243287228 -0.008812729742594 -0.010071775219148 
-0.019004049154528 -0.017945798748706 -0.018392102081220 -0.017840604270269 -0.017285474601448 -0.016841438502385 -0.016521319290706 -0.015586159015773 -0.014956851762510 -0.015001065227590 -0.016600747264528 -0.012323382493906 -0.009912236293050 -0.008447152247510 -0.007658118255819 -0.007408737615483 -0.007584589522679 -0.008080250138505 -0.008789857165553 -0.009493686252740 
-0.018821481013076 -0.018606762978957 -0.018584587367520 -0.018379816778478 -0.018426279235844 -0.018430541734597 -0.019207064306333 -0.017292827338808 -0.016288012371049 -0.015769251359368 -0.014929882701741 -0.012497084005149 -0.010376662826533 -0.008881491893294 -0.008013543732388 -0.007695922439227 -0.007819613437000 -0.008276493701668 -0.008986418636464 -0.009748873310435 
-0.019453375856840 -0.019523061608528 -0.019395880710015 -0.019004151773303 -0.019980599171039 -0.019511627459163 -0.019148075979691 -0.018278695179468 -0.017320397408221 -0.017074771512995 -0.015117774857747 -0.012771878542487 -0.010733880273923 -0.009247199154146 -0.008355283435089 -0.008004708101921 -0.008086464913259 -0.008505719786978 -0.009324292083655 -0.010871120533341 
-0.020692412510727 -0.021105914524246 -0.020785183619787 -0.021053683632954 -0.023151024143862 -0.020710185633826 -0.019735288769512 -0.019416879837839 -0.018911499661113 -0.020222640954137 -0.015973429745673 -0.013143160336372 -0.011023375191725 -0.009523015561219 -0.008618358689457 -0.008240935535978 -0.008260461055087 -0.008546596289235 -0.009066022126359 -0.009671971629037 
-0.022059879868886 -0.023740369541771 -0.021900118349272 -0.021448927668449 -0.021670315663965 -0.020644962114847 -0.019812801174573 -0.019273528763288 -0.018734504843043 -0.018154253507678 -0.015677020740358 -0.013193087484980 -0.011146042160275 -0.009660144102435 -0.008748217371239 -0.008344070135195 -0.008315099946801 -0.008520064335758 -0.008871684941365 -0.009195510363506 
