-0.000928347088970 -0.000965812610063 -0.001019030715746 -0.001111584370420 -0.001269703193377 -0.001515464488240 -0.001862866215144 -0.002315504535971 -0.002864448434942 -0.003485050997182 -0.004124955608355 -0.004613713696069 -0.004251771091634 -0.003729559534442 -0.003205560512757 -0.002720062285302 -0.002295921783965 -0.001952983551348 -0.001710501866588 -0.001584786047950 
-0.001168855279349 -0.001196044166509 -0.001231074109007 -0.001305195712453 -0.001450177166997 -0.001689152278360 -0.002033578954164 -0.002483156889217 -0.003027132324389 -0.003651958172356 -0.004402859800157 -0.005542397187114 -0.004512052018732 -0.003854146020238 -0.003306362539428 -0.002811486139555 -0.002380531600226 -0.002032314024715 -0.001786295287890 -0.001658860071721 
-0.001622090124307 -0.001624510540092 -0.001613537420733 -0.001642868532357 -0.001756976078441 -0.001980252606108 -0.002318018189267 -0.002760749753860 -0.003284646898432 -0.003823277777462 -0.004359138916038 -0.005323936040689 -0.004454515729876 -0.003947310471062 -0.003447487833109 -0.002947598667553 -0.002505466142415 -0.002146979301460 -0.001893579832386 -0.001762393483438 
-0.002297384547830 -0.002256444243801 -0.002149063170403 -0.002094447690045 -0.002156510990467 -0.002356558826280 -0.002687169367293 -0.003127701470797 -0.003650574220613 -0.004094617085545 -0.003933033303249 -0.003650574220613 -0.004066252924386 -0.004078542023495 -0.003640867147075 -0.003102531892842 -0.002642475654280 -0.002270621242947 -0.002008011668928 -0.001872217279062 
-0.003201887876918 -0.003109396571497 -0.002794002145093 -0.002601121121415 -0.002592633154480 -0.002769030938253 -0.003094828068361 -0.003518103157888 -0.004259616955305 -0.005025064124796 -0.003650574220613 -0.003650574220613 -0.004094423656993 -0.004670783981420 -0.003818206757660 -0.003225191849768 -0.002758587336684 -0.002375839900767 -0.002105282976662 -0.001965526269662 
-0.004329502996170 -0.004275289634738 -0.003430930042039 -0.003060788503109 -0.002986723533942 -0.003160002219793 -0.003501426902202 -0.003650574220613 -0.004879925344355 -0.008116541965291 -0.005233528942430 -0.003650574220613 -0.003994502617175 -0.004334075630944 -0.003753281759642 -0.003253564459471 -0.002830671071792 -0.002443683566857 -0.002170180970582 -0.002028620372914 
-0.005582536764016 -0.007621470795683 -0.003650574220613 -0.003331577652105 -0.003251181204241 -0.003475400459755 -0.004136763691398 -0.003998878929439 -0.004407083367140 -0.004750950881992 -0.003650574220613 -0.003650574220613 -0.003905637371497 -0.003945745113905 -0.003633374945065 -0.003232538053582 -0.002833420631116 -0.002472455558275 -0.002204914444880 -0.002063609033986 
-0.004883491225464 -0.005106313912531 -0.003949054534086 -0.003468363298208 -0.003326196796656 -0.003432088471739 -0.003702091822045 -0.003825501304442 -0.004013008805207 -0.004064088799104 -0.003650574220613 -0.003968357216302 -0.004053504046329 -0.003944964912264 -0.003652540251388 -0.003272293482396 -0.002873274427552 -0.002509808934021 -0.002235723260338 -0.002089333034668 
-0.004133504149711 -0.004099767253345 -0.003700331647356 -0.003412799083493 -0.003297310104074 -0.003343494139186 -0.003495543584700 -0.003644756929603 -0.003783373740541 -0.003847393137908 -0.004405673428792 -0.004537707696195 -0.004433497280025 -0.004185567415320 -0.003835940076699 -0.003425369906372 -0.002991188733812 -0.002592893299839 -0.002291018071388 -0.002129376451266 
-0.003659339105205 -0.003653238328313 -0.003525727790918 -0.003368445125530 -0.003279929270464 -0.003299101684460 -0.003407749609322 -0.003549049268863 -0.003650574220613 -0.003650574220613 -0.005754428016373 -0.005370949255497 -0.005009410935922 -0.004603637394012 -0.004178417911641 -0.003722585997582 -0.003217557813279 -0.002747019081077 -0.002391293777347 -0.002201827527456 
-0.003468915818407 -0.003547277053101 -0.003586576303685 -0.003452855741110 -0.003340446294043 -0.003328362864291 -0.003414310711452 -0.003564630547808 -0.003767728895299 -0.004127152037011 -0.005451348820921 -0.006214079277574 -0.005690089042201 -0.005128273020291 -0.004662404378209 -0.004204694975946 -0.003575205942365 -0.002981111985485 -0.002541843652389 -0.002312012100762 
-0.003470188897913 -0.003650574220613 -0.003999493194878 -0.003698233661836 -0.003476615849978 -0.003415290719397 -0.003477123328979 -0.003602176083306 -0.003761668553015 -0.003650574220613 -0.005722677293979 -0.008370500569013 -0.006468848710970 -0.005644750288629 -0.005246709028069 -0.004989893502959 -0.004070084828324 -0.003273170038523 -0.002725011947202 -0.002448467502058 
-0.003492411629083 -0.003934613721861 -0.005158948474205 -0.004005475487253 -0.003601554500007 -0.003509930086480 -0.003569562981594 -0.003650574220613 -0.004047886996365 -0.004419113524718 -0.005421299379158 -0.006763437703503 -0.006221442665368 -0.005811742360277 -0.005775245403072 -0.006529182851119 -0.004601436483675 -0.003534601295620 -0.002895199525005 -0.002585898228918 
-0.003278498823880 -0.003533496286844 -0.003898179611228 -0.003650574220613 -0.003532632352686 -0.003552881640151 -0.003693704313364 -0.003903032373450 -0.004367462792360 -0.004560734918768 -0.004781547670616 -0.005914589521333 -0.005885286727566 -0.005665216315623 -0.005559980423547 -0.005393472895564 -0.004401858313934 -0.003579331037117 -0.002999686377765 -0.002702892713575 
-0.003029554020758 -0.003175238590497 -0.003348047452402 -0.003375682701341 -0.003423007925310 -0.003550863576688 -0.003780806548184 -0.003910070685545 -0.004310511255744 -0.004678177764859 -0.005162492391956 -0.006240963619960 -0.005775765268499 -0.005452798859652 -0.005456453516249 -0.005134757861136 -0.004127515918300 -0.003574270829919 -0.003080091899478 -0.002811271237930 
-0.002874193898783 -0.002973310489688 -0.003097153797635 -0.003203984398076 -0.003333700442525 -0.003503392298843 -0.003671655231474 -0.003650574220613 -0.004292584083641 -0.004685006158199 -0.004952314826036 -0.005482391493339 -0.005544524812532 -0.004940535883883 -0.005709317022656 -0.005577134919824 -0.004426281228491 -0.003678832953507 -0.003178430196820 -0.002925734674926 
-0.002875484357846 -0.002947568722771 -0.003037505524288 -0.003150878097166 -0.003308652682599 -0.003519769801381 -0.003775857213993 -0.004069370254434 -0.004532005654989 -0.004823656119903 -0.004483170514514 -0.005196378274174 -0.005984144082593 -0.010384860830194 -0.006879449457691 -0.005452448645556 -0.004399171416310 -0.003699770927399 -0.003252658625688 -0.003037750672463 
-0.003065227995609 -0.003108689973373 -0.003132484486857 -0.003197344086018 -0.003334671237532 -0.003556894144167 -0.003877472417289 -0.004334352025639 -0.004951647109919 -0.005599148214382 -0.003650574220613 -0.004838475822776 -0.005771381607824 -0.007008271971700 -0.005999579829432 -0.004996275106372 -0.004085400957852 -0.003612748791504 -0.003287623170606 -0.003146732260958 
-0.003456356635309 -0.003479871059228 -0.003353268462557 -0.003310074805352 -0.003380479146464 -0.003565275701985 -0.003880930483203 -0.004451162150795 -0.005347053165275 -0.008973266277031 -0.004365741499272 -0.004740760456655 -0.005262010795206 -0.005889451434907 -0.005143880632484 -0.004481289150990 -0.003890808885398 -0.003497445042544 -0.003292966924481 -0.003273801915245 
-0.004027503111488 -0.004153634615822 -0.003627997684640 -0.003435981124638 -0.003418898597549 -0.003520169052075 -0.003669142526377 -0.003650574220613 -0.004778162328302 -0.005698507112120 -0.004524430682468 -0.004502526297710 -0.004652004172308 -0.004722442763895 -0.004231412929963 -0.003957549635318 -0.003588215814739 -0.003313987852919 -0.003232750284464 -0.003468179208977 
-0.004612729703520 -0.005563192606023 -0.003650574220613 -0.003492547949667 -0.003446909898258 -0.003515233325715 -0.003673545451721 -0.003910613068745 -0.004421979896450 -0.004521545863839 -0.003703672289246 -0.004099673258067 -0.004129478010306 -0.004124684511270 -0.003891694846033 -0.003612769705458 -0.003310068084278 -0.003070040192329 -0.002954679871516 -0.002973345171684 
-0.004324183697145 -0.004381766337164 -0.003650574220613 -0.003519337058758 -0.003468094167864 -0.003517828274743 -0.003663825461329 -0.003923223172461 -0.004486438414657 -0.004267963092138 -0.003988278895640 -0.004070020851843 -0.003650574220613 -0.003774885932288 -0.003658014242739 -0.003403992367430 -0.003120723827511 -0.002872209674100 -0.002707709977337 -0.002642648061542 
-0.004055238258311 -0.004016981624478 -0.003650574220613 -0.003541650343904 -0.003492984338883 -0.003521728825499 -0.003603603058319 -0.003650574220613 -0.004043407334767 -0.004084488408333 -0.003915480000420 -0.004547714901207 -0.005883388290905 -0.003975509292690 -0.003637500621610 -0.003358794799377 -0.003076757414024 -0.002800303699153 -0.002583875933849 -0.002470329601490 
-0.003892443539204 -0.004009260660028 -0.003650574220613 -0.003570864654172 -0.003534277413407 -0.003557508850723 -0.003624648038981 -0.003718958118565 -0.003967770898137 -0.004126305284794 -0.004139241164691 -0.004334548506102 -0.004515997132531 -0.003711097848143 -0.003642619290395 -0.003464245990639 -0.003225350815573 -0.002904964795087 -0.002617749925473 -0.002454932439804 
-0.003650574220613 -0.004495164224917 -0.003650574220613 -0.003608134719782 -0.003587724118479 -0.003612101811812 -0.003650574220613 -0.003650574220613 -0.004007460370641 -0.004342701777806 -0.004213280874218 -0.004167299538012 -0.004154525650168 -0.003959224893427 -0.003845845564538 -0.003777772216702 -0.003653801339036 -0.003219626927976 -0.002802504186652 -0.002567145733252 
-0.003650574220613 -0.006675283304279 -0.003650574220613 -0.003650574220613 -0.003638753174618 -0.003683902926074 -0.003981741370474 -0.003650574220613 -0.004087901049640 -0.005048830115337 -0.004248943959253 -0.004015319228519 -0.004013848140805 -0.004159709764276 -0.004087731741373 -0.004277604278885 -0.004565584470800 -0.003743150355066 -0.003072123636719 -0.002730388782842 
-0.004012643259195 -0.004723852447973 -0.004305772726974 -0.005969629761316 -0.003650574220613 -0.003523778201394 -0.003540251708611 -0.003496746200330 -0.003650574220613 -0.003933344347807 -0.003772810170260 -0.003691213940485 -0.003763950650263 -0.004041026902524 -0.004129381127865 -0.004771313174485 -0.006697842897729 -0.004302313749559 -0.003252807162967 -0.002816948216570 
-0.003702000552745 -0.003921252030431 -0.003891469653977 -0.003650574220613 -0.003398631831667 -0.003251615973298 -0.003194258114515 -0.003175454114461 -0.003232754552448 -0.003316591915589 -0.003296643340407 -0.003293843830346 -0.003365665987209 -0.003517821323217 -0.003650574220613 -0.004024879471323 -0.004416859190305 -0.003662788693519 -0.003030350274602 -0.002705445976091 
-0.003244736013934 -0.003407200565532 -0.003695393002558 -0.003301405114261 -0.003076377843610 -0.002942874668058 -0.002873349006590 -0.002847181933130 -0.002862178782570 -0.002893986621172 -0.002908126213320 -0.002931269231483 -0.002985173877092 -0.003077112780063 -0.003186337340334 -0.003328901088976 -0.003370833668330 -0.003048403765703 -0.002693830020564 -0.002484884834817 
-0.002733723349900 -0.002827614570882 -0.002924354425091 -0.002829395967957 -0.002726457764095 -0.002647649484876 -0.002596356585494 -0.002572051899563 -0.002575759983169 -0.002600058206662 -0.002631996888578 -0.002666102143456 -0.002694742646499 -0.002737435096445 -0.002794531109121 -0.002844878253234 -0.002812920192025 -0.002620962501059 -0.002396290262618 -0.002255591554401 
-0.002280744456459 -0.002354842854049 -0.002433489455814 -0.002453738850585 -0.002446216599598 -0.002425586316982 -0.002399138442306 -0.002380231057635 -0.002383951415415 -0.002418390397515 -0.002478743687127 -0.002536301732135 -0.002524994321260 -0.002518504477938 -0.002541097347201 -0.002573720496062 -0.002551309620292 -0.002381151947814 -0.002189686148276 -0.002071667094678 
-0.001939780417157 -0.002021655733887 -0.002128648590847 -0.002225026491581 -0.002296095239145 -0.002327953181083 -0.002315675336301 -0.002288665454992 -0.002283916023378 -0.002330825385353 -0.002443796849961 -0.002587597640547 -0.002471451908154 -0.002397446554306 -0.002404397951484 -0.002480224072799 -0.002559896568467 -0.002302773055761 -0.002068505838713 -0.001938981409510 
-0.001722732335088 -0.001826316109382 -0.001981874204484 -0.002157243389855 -0.002314445731065 -0.002402281178706 -0.002376023608472 -0.002304128814752 -0.002257545501723 -0.002291761268173 -0.002472608387673 -0.002968901562837 -0.002471429993878 -0.002303506975200 -0.002306252648654 -0.002477127526501 -0.002982496300317 -0.002311905039096 -0.001978761104034 -0.001825876581971 
-0.001614467938982 -0.001748064299500 -0.001968211119363 -0.002245993114724 -0.002530789721157 -0.002715989177274 -0.002609780429262 -0.002423976761681 -0.002275848107603 -0.002215642053830 -0.002256806885480 -0.002356297554670 -0.002220192323705 -0.002134228240523 -0.002130686085610 -0.002199217468323 -0.002287011992017 -0.002059650863600 -0.001820786006324 -0.001688676365245 
-0.001583345523078 -0.001750216201263 -0.002045408253392 -0.002457244514264 -0.002960929798896 -0.003428450773742 -0.003038031486681 -0.002628981844465 -0.002330493106307 -0.002154488097564 -0.002081882230454 -0.002063553386887 -0.002013978805338 -0.001982889600017 -0.001977122410753 -0.001976765018190 -0.001958487941457 -0.001871206948191 -0.001649917155532 -0.001532910870412 
-0.001590867578415 -0.001784734869979 -0.002144120231428 -0.002688417498373 -0.003512458210496 -0.005065084927023 -0.003573838824787 -0.002830791797095 -0.002379824108188 -0.002108429087444 -0.001966718817697 -0.001911529909298 -0.001899777032372 -0.001915433287184 -0.001919599277269 -0.001856804539329 -0.001752061107830 -0.001616671071530 -0.001460291930459 -0.001367681870239 
-0.001602815926200 -0.001806017023476 -0.002183018866030 -0.002729352433572 -0.003379841934817 -0.003650574220613 -0.003417512433520 -0.002827097990432 -0.002353874376347 -0.002045609355470 -0.001881190972862 -0.001832879431103 -0.001874273810672 -0.001971747143732 -0.002034619869154 -0.001876861460558 -0.001664265406471 -0.001467396103746 -0.001310475709270 -0.001224549242947 
-0.001599192555646 -0.001795332322322 -0.002164708594242 -0.002737999562747 -0.003650574220613 -0.006105495596852 -0.003650574220613 -0.002774589399444 -0.002253250332120 -0.001941710371075 -0.001789481477694 -0.001777522711868 -0.001903905839229 -0.002166886678160 -0.002467007074415 -0.002052687541858 -0.001665221202588 -0.001386570245936 -0.001206139064527 -0.001116859974400 
-0.001570646839700 -0.001739897460956 -0.002042237885669 -0.002464349377879 -0.003021764030623 -0.003650574220613 -0.002992144789609 -0.002426232307084 -0.002023314692855 -0.001771321878581 -0.001658152544048 -0.001687690721062 -0.001896189518172 -0.002408920885819 -0.003677811695656 -0.002292914526757 -0.001664410036601 -0.001322351956392 -0.001129674036964 -0.001040587827205 
-0.001521192152969 -0.001663550874192 -0.001891443627611 -0.002123748074708 -0.002369669481592 -0.002527851616074 -0.002292260576133 -0.001981966103328 -0.001721101841799 -0.001548796969947 -0.001477157210672 -0.001514638246508 -0.001672758055699 -0.001954457745031 -0.002263150459015 -0.001858149570312 -0.001481703773450 -0.001221012201620 -0.001062777810107 -0.000987691420628 
-0.001449652276784 -0.001592542150329 -0.001812892214456 -0.001839743580148 -0.001871785684708 -0.001866368323721 -0.001738549839344 -0.001565329478025 -0.001411520537352 -0.001310674294913 -0.001277021606110 -0.001314973079036 -0.001418645141591 -0.001557290988091 -0.001640118513217 -0.001489986715118 -0.001288912320947 -0.001124070396394 -0.001015910162817 -0.000960071683253 
-0.001326613840322 -0.001508912762424 -0.001975557013889 -0.001613538391705 -0.001484269757729 -0.001406879704452 -0.001313955769318 -0.001214898227478 -0.001135080073266 -0.001092833545533 -0.001096494153255 -0.001145517600004 -0.001228128150358 -0.001314012607063 -0.001348315963486 -0.001276419824914 -0.001164870477898 -0.001070027281311 -0.001008300206752 -0.000964398196382 
-0.001090704355068 -0.001180344319233 -0.001304596190330 -0.001209950381072 -0.001119677306381 -0.001048432185697 -0.000986264097913 -0.000937453014177 -0.000912976393433 -0.000921405874936 -0.000965419363046 -0.001040844766792 -0.001135021200862 -0.001223206219987 -0.001263691723167 -0.001205280554291 -0.001123587268906 -0.001071541823848 -0.001058901833204 -0.000999191292812 
-0.000829885686575 -0.000866662896487 -0.000899508814219 -0.000864875712582 -0.000813560727980 -0.000768794286579 -0.000739097865031 -0.000731987611633 -0.000754772986430 -0.000811557057776 -0.000901091214649 -0.001016232021225 -0.001145131818907 -0.001272885515798 -0.001366667354584 -0.001250056617232 -0.001141415761489 -0.001105495993614 -0.001204025543796 -0.001032933375272 
-0.000596253437314 -0.000611170391238 -0.000618841427516 -0.000602822605565 -0.000578082210811 -0.000560671361249 -0.000562705436724 -0.000594062475499 -0.000662012416741 -0.000769054958213 -0.000910579022554 -0.001074101900034 -0.001244787412087 -0.001430483220408 -0.001736514837036 -0.001363266785358 -0.001164741605981 -0.001059152069479 -0.001017110308585 -0.000946723958577 
-0.000409210826353 -0.000416644103868 -0.000419129980541 -0.000413730709539 -0.000408332188355 -0.000415133215496 -0.000446885071818 -0.000515403930388 -0.000629648134434 -0.000792540863800 -0.000996348975331 -0.001216615975913 -0.001407852653364 -0.001518051191685 -0.001552702251023 -0.001367860617955 -0.001176437351898 -0.001027578450939 -0.000928996720661 -0.000867224694727 
-0.000270903044401 -0.000276477643158 -0.000280050603177 -0.000283203936391 -0.000292888033115 -0.000320303434247 -0.000379091275709 -0.000483528751793 -0.000646074402411 -0.000873588390913 -0.001160669871490 -0.001475355526696 -0.001728205312829 -0.001745851498290 -0.001647727496057 -0.001455543598330 -0.001235245118778 -0.001041017239847 -0.000901108399242 -0.000825835438774 
-0.000176073219584 -0.000181653743804 -0.000187813657907 -0.000197907883724 -0.000219233954999 -0.000263297637431 -0.000345152243581 -0.000482073484525 -0.000691657236137 -0.000989563834010 -0.001386223254990 -0.001874166075497 -0.002350998102546 -0.002154584123844 -0.001905117669371 -0.001650821226144 -0.001360714422897 -0.001103199356292 -0.000918198957420 -0.000822245207180 
-0.000117671980922 -0.000123658494234 -0.000132089291274 -0.000147112469272 -0.000176517221600 -0.000232436273612 -0.000331276676497 -0.000492883649621 -0.000739468140786 -0.001096247970488 -0.001600525054222 -0.002346541673106 -0.003689454354551 -0.002668818908079 -0.002227382634723 -0.001951752763216 -0.001540755319488 -0.001195480557555 -0.000959348772337 -0.000840750850159 
-0.000089940602657 -0.000096212407725 -0.000105900971638 -0.000123483400776 -0.000157048485320 -0.000219136422376 -0.000326865690856 -0.000501119766484 -0.000764879401044 -0.001140688250740 -0.001644934601177 -0.002265135742424 -0.002854365617690 -0.002639236085838 -0.002425675011969 -0.002432530962299 -0.001729278841300 -0.001275795285440 -0.000994753121656 -0.000858999095852 
