-0.014408950618342 -0.014717494617455 -0.015051741016162 -0.015888878677445 -0.017742788636410 -0.020954499820587 -0.025568531727057 -0.031320007208127 -0.037727185068302 -0.044263726330517 -0.050603184367817 -0.057273554900523 -0.065723583136324 -0.077035291427543 -0.092390020444419 -0.113120001147296 -0.136981345856480 -0.146263437801351 -0.163037049701027 -0.344732256191122 
-0.018407721445764 -0.018529315019067 -0.018488078139675 -0.018946355325140 -0.020614057457403 -0.023941708226825 -0.028980121776854 -0.035382543071746 -0.042527344285842 -0.049676167303790 -0.055827517342414 -0.061372253479078 -0.068851209350577 -0.078494405599322 -0.091398073364840 -0.113094301841255 -0.153162712377639 -0.154965398957073 -0.152572725487496 -0.126241651793554 
-0.026260413805217 -0.025978423072705 -0.025000344972445 -0.024484158135991 -0.025607966832668 -0.029044649918953 -0.034839422063773 -0.042462199707685 -0.051054811549587 -0.059882348521510 -0.065552447826223 -0.067533292181977 -0.073873791145868 -0.080129699647851 -0.083708298484009 -0.096145574649539 -0.208492902090750 -0.168451779397819 -0.166390214713384 -0.196009692375499 
-0.038592783845904 -0.037799187835686 -0.034869855427023 -0.032337129330175 -0.032292670200411 -0.035698125804703 -0.042519520827722 -0.051830892213679 -0.062213925474364 -0.075946595060812 -0.081449549549672 -0.071584468885960 -0.081683666227920 -0.086403237897036 -0.092700191275714 -0.107923487520341 -0.143036955043407 -0.144579810081661 -0.149099869425915 -0.159085995528177 
-0.055957384461116 -0.055481759187110 -0.048327983925068 -0.041911153310247 -0.039772312806531 -0.042934265449157 -0.051138553052715 -0.062686526175232 -0.071584468885960 -0.101627877845789 -0.113471440300727 -0.103961225911378 -0.096679424258684 -0.093071404923688 -0.094187584685232 -0.100847825953740 -0.111858188473695 -0.118382999356303 -0.127480736932176 -0.133384719370290 
-0.077676323010968 -0.083227951764845 -0.064981631584037 -0.051572978419690 -0.046403166008572 -0.049211313428263 -0.059623423313785 -0.077964282266703 -0.106035456807581 -0.145920684006387 -0.153636438065108 -0.134637381405297 -0.109492822820546 -0.096880064884340 -0.091786045988906 -0.090557764449858 -0.085557432931009 -0.101433485703065 -0.110692422562131 -0.115653595034328 
-0.096867866266643 -0.137036499985895 -0.080373545744861 -0.057391034769498 -0.049643648425978 -0.052030154627561 -0.063299718714566 -0.085276561415675 -0.129391544414792 -0.222648284186229 -0.220580934491833 -0.143530100529507 -0.110888144706430 -0.094648268772944 -0.086858496421683 -0.084860076051103 -0.084966541644746 -0.092339207648464 -0.100361964747511 -0.105474717636851 
-0.077977685248600 -0.083532038221204 -0.065531929537795 -0.052384428557395 -0.047399120371170 -0.050059939032260 -0.059077405029955 -0.071584468885960 -0.104083914638179 -0.143915080060396 -0.141837288541761 -0.108291602598930 -0.096629191064296 -0.084877440381754 -0.076904057932959 -0.077736499499521 -0.077747181731656 -0.083981945621531 -0.095088067392766 -0.102933260706648 
-0.056916261442490 -0.056566122159194 -0.049764866340891 -0.043825296924876 -0.042203440243654 -0.045737242484758 -0.053718757326278 -0.063827268863202 -0.071584468885960 -0.107138096159733 -0.094572921692486 -0.071584468885960 -0.082809001897226 -0.071584468885960 -0.071584468885960 -0.071584468885960 -0.071584468885960 -0.071584468885960 -0.094640360213914 -0.110113466071084 
-0.040409841259402 -0.039859232603747 -0.037439567529847 -0.035654999555418 -0.036569292806812 -0.041096129031571 -0.049106077262444 -0.059641307336039 -0.071584468885960 -0.118491298693726 -0.098820591706210 -0.090197750206004 -0.091625746922628 -0.076667914285612 -0.071584468885960 -0.071584468885665 -0.071584468885732 -0.071584468885960 -0.102546695079469 -0.133661617058161 
-0.028925045928883 -0.029028225471106 -0.028802871669944 -0.029384086527968 -0.031940104559304 -0.037169969568944 -0.045208007804021 -0.055805764913949 -0.069064004861225 -0.087768289873418 -0.092489646413648 -0.099257636122737 -0.117136677741603 -0.159891126918256 -0.099680426160829 -0.071584468885960 -0.071584468885960 -0.074152093506427 -0.110500537572552 -0.137671773976684 
-0.021674481288627 -0.022377118487842 -0.023440681527663 -0.025441711727833 -0.029014205663999 -0.034593738924440 -0.042296381728213 -0.051851134308456 -0.062462534212953 -0.071584468885960 -0.084951993745908 -0.098021837531866 -0.118223027185216 -0.154286263895640 -0.120827937054059 -0.116531801626754 -0.161292708604984 -0.118869736409166 -0.127769341998187 -0.168900127594558 
-0.017721977775804 -0.018891789582415 -0.020838202355726 -0.023815375070089 -0.028093858386661 -0.033859019500023 -0.041165729254553 -0.049760265613324 -0.059053840440776 -0.068364214560096 -0.078662293246774 -0.090605859785564 -0.103956351822722 -0.116620978880211 -0.112960245566750 -0.112559874394852 -0.120872304160085 -0.112476399418665 -0.112981176890253 -0.117786949838729 
-0.016233536354865 -0.017803827277679 -0.020485461542675 -0.024307594099458 -0.029243553060700 -0.035210307101811 -0.042276347755472 -0.050133652485895 -0.058080465296832 -0.065669280094993 -0.071584468885960 -0.082609656771140 -0.090785853514018 -0.095488027883024 -0.102081871397294 -0.100177921788917 -0.097476985175957 -0.097547686384350 -0.094160961046759 -0.071584468885960 
-0.016538031842798 -0.018496123946243 -0.021899933542901 -0.026630794934278 -0.032383275337260 -0.038603157575642 -0.045765832541016 -0.053424672614369 -0.059999104260918 -0.066151302346413 -0.071584468885960 -0.077886708242018 -0.086183563402727 -0.092951897301866 -0.099863711535958 -0.088878559949834 -0.071584468885960 -0.086455217807281 -0.094769076579335 -0.113414066016743 
-0.018138978868071 -0.020473678277185 -0.024604226509355 -0.030399066032015 -0.037417924619507 -0.043558376057593 -0.051316494932286 -0.060265698266901 -0.064648956057800 -0.069049516138752 -0.071584468885960 -0.071584468885960 -0.083431818116742 -0.090425075169113 -0.086444214858591 -0.084085511550379 -0.079896318780396 -0.082243800520442 -0.085245305217343 -0.089081888413634 
-0.020711134427268 -0.023355055491962 -0.028066719152836 -0.034904422474351 -0.044727361081749 -0.048659071806408 -0.057408523551422 -0.073099145298223 -0.070905589148806 -0.075053510921678 -0.076622224104701 -0.078579659665133 -0.085920072239504 -0.099046382743753 -0.071584468885960 -0.081490281063697 -0.082040707590910 -0.077682039883299 -0.075008733792939 -0.071584468885960 
-0.024097407113543 -0.026949409756402 -0.031779285668620 -0.037939925831283 -0.044600668544982 -0.050172310950962 -0.057490532476085 -0.066450271431429 -0.071584468885960 -0.084711750456314 -0.082252547600450 -0.081049979747443 -0.083210832269196 -0.086456267137656 -0.082612079846582 -0.088651699596403 -0.089449617953209 -0.071584468885960 -0.071584468885960 -0.071165145994757 
-0.028246291697499 -0.031500416936801 -0.036787980743315 -0.042626098024616 -0.047235810665216 -0.051481557069296 -0.057000798036647 -0.063990294903088 -0.071584468885960 -0.110572375719622 -0.087684396935814 -0.081287438248652 -0.080328579907091 -0.081596421867743 -0.084224748067531 -0.101481417289253 -0.115762293353029 -0.071584468885960 -0.071211528045585 -0.070672260356520 
-0.032798715429548 -0.037009869681667 -0.044003108767862 -0.051000184698021 -0.052421912340934 -0.053373194056556 -0.056247904480223 -0.061231983539804 -0.066514361206076 -0.071584468885960 -0.077484979656224 -0.077051376887024 -0.075917115718433 -0.076027751722084 -0.071584468885960 -0.117618875564065 -0.200666405302908 -0.071584468885960 -0.071524976156680 -0.070401517336819 
-0.036683915244371 -0.042608389215052 -0.053819666105253 -0.067283633018564 -0.060392014559469 -0.055420822234255 -0.054723249895535 -0.057411305372216 -0.062088275424154 -0.068037874878357 -0.074213715893560 -0.073896637822514 -0.074529626419540 -0.075440701009150 -0.079255573608528 -0.096959443115304 -0.116417018664189 -0.084362057632382 -0.073860452170880 -0.070230777519165 
-0.037978798158262 -0.045531473285793 -0.063530242899298 -0.105502504657972 -0.068646390090488 -0.055579578807476 -0.051930596442527 -0.053224354967850 -0.057682131064613 -0.065097799176669 -0.077732280720536 -0.073058675633774 -0.073371435712282 -0.072657172792805 -0.073589762794193 -0.074924731586632 -0.084489822500846 -0.076770021912851 -0.070881943703474 -0.068165306992762 
-0.034890641385456 -0.040404867358135 -0.050848119079933 -0.063253381717144 -0.055251978942267 -0.049004335332199 -0.046900392709162 -0.048285812629908 -0.052258940045528 -0.058101927823770 -0.064791990009980 -0.067765574923196 -0.073742719572465 -0.069104952807168 -0.068258975332733 -0.069005672348933 -0.071193564193108 -0.069150114881173 -0.066787325043477 -0.065533786432012 
-0.029462559102454 -0.032909101950366 -0.038489492425899 -0.043563322218623 -0.042790550083781 -0.041342085886208 -0.041511227159634 -0.043690687710500 -0.047483750854679 -0.052192180853761 -0.056889790603035 -0.060322262770005 -0.063215450687217 -0.062949512727352 -0.062813318484181 -0.063282781845624 -0.064158529230231 -0.064119075626690 -0.063924928147611 -0.063971540546191 
-0.023794155808639 -0.025992853622909 -0.029327138295468 -0.032493291992304 -0.034061549117449 -0.035352452971017 -0.037455427390888 -0.040664473999158 -0.044632204963390 -0.048683905993724 -0.052204800420338 -0.055027475213852 -0.057274409650652 -0.058349849864143 -0.058757927487863 -0.059405292549075 -0.060490700792530 -0.061713697986863 -0.063125373270600 -0.064543654481174 
-0.019071099816826 -0.020667687838328 -0.023139623732477 -0.025967181924084 -0.028746665298234 -0.031831992972213 -0.035593365069830 -0.040023505343484 -0.044535745313102 -0.048189819920084 -0.050411305608207 -0.052256696311478 -0.054276548048783 -0.056225677728385 -0.056648480413748 -0.057578983825512 -0.059268899140764 -0.061509984624707 -0.064218433154201 -0.067790717153200 
-0.015678852064272 -0.017032612018777 -0.019274658876926 -0.022298255429360 -0.026049620987670 -0.030622419870549 -0.036041373541906 -0.042111892575721 -0.047796671757081 -0.051314702511336 -0.051105107109085 -0.051277669613785 -0.053004145697473 -0.056934239714172 -0.056097357897068 -0.057461060203213 -0.059981239259243 -0.062956867667393 -0.065729350785357 -0.067345671054299 
-0.013472585307867 -0.014738501845864 -0.016974287489274 -0.020333566664358 -0.024964912965040 -0.030943655315856 -0.038236588102396 -0.046812704077514 -0.055052724975001 -0.059555680381740 -0.053266609189165 -0.050661020815838 -0.050897870725428 -0.053120816428563 -0.055260845298796 -0.058498426026989 -0.062436429316509 -0.066405975940071 -0.069699714109889 -0.069342965189089 
-0.011989963104119 -0.013199648370570 -0.015419729221893 -0.018998654569435 -0.024249718289659 -0.031399432636513 -0.040817736621900 -0.053394131761346 -0.067005388686393 -0.061103299507202 -0.053495961490127 -0.049438194538539 -0.049028523367724 -0.051443880026635 -0.055573797839920 -0.060938518866669 -0.066470825591250 -0.071584468885960 -0.078193906098159 -0.071584468885960 
-0.010627922919608 -0.011754666067844 -0.013872490268989 -0.017388275681284 -0.022682125869233 -0.030246404021135 -0.041357290531558 -0.060045751861572 -0.099280419349697 -0.065719063793485 -0.052377906294090 -0.047289814950046 -0.047200416820238 -0.050781769880437 -0.057063133953282 -0.064932987281318 -0.071584468885960 -0.085738621182220 -0.100134395316941 -0.129192331413092 
-0.008971587740947 -0.010008622817938 -0.011996401679491 -0.015221886445036 -0.019969592360456 -0.026537509472539 -0.035386073920045 -0.046976247698449 -0.059132711901387 -0.051885535585534 -0.045647392342533 -0.043306352487725 -0.045011476413939 -0.050493737401468 -0.059411800006187 -0.071490008302796 -0.086465370222218 -0.102358904432014 -0.107485250404004 -0.106999434815511 
-0.007253763368765 -0.008188300237313 -0.009961851701925 -0.012737087198638 -0.016649927600003 -0.021751514245988 -0.027953732115824 -0.034712480179241 -0.040004204427608 -0.039398622259121 -0.038070072123100 -0.038776966649983 -0.042635309611351 -0.050027316700679 -0.061096296937886 -0.076539060963685 -0.100707794306212 -0.175101036473995 -0.120474287979178 -0.104250186599673 
-0.005736583313500 -0.006546976110141 -0.008045844873625 -0.010310744648552 -0.013369524176743 -0.017139673967002 -0.021381910802689 -0.025598476089777 -0.028882842382087 -0.030358615094951 -0.031768467128275 -0.034784087495970 -0.040438074241979 -0.049179388564742 -0.060829373111008 -0.074042077232085 -0.085654618793620 -0.098408473485474 -0.095072548345683 -0.085284941559842 
-0.004615626007982 -0.005282026864186 -0.006476640146063 -0.008235921953128 -0.010541691060585 -0.013282019882016 -0.016253526438590 -0.019194310939097 -0.021850493833756 -0.024248783407492 -0.027253309343164 -0.031865055905321 -0.038837678120696 -0.048630181593244 -0.061264204893103 -0.074150675017437 -0.071584468885960 -0.071584468885960 -0.083801817586878 -0.102838179545215 
-0.004043766749673 -0.004544682637389 -0.005410909100212 -0.006679038392033 -0.008338620735149 -0.010312834885847 -0.012492979919694 -0.014816073333831 -0.017345010211474 -0.020360906921175 -0.024436031032298 -0.030159076492290 -0.037928811350130 -0.048249359580839 -0.063442371670145 -0.090325544576777 -0.074890913866859 -0.071584468885960 -0.080365768657971 -0.139427799637374 
-0.004179791838892 -0.004477611849395 -0.004967356637677 -0.005729228903415 -0.006803545338474 -0.008182457996987 -0.009857444819432 -0.011899690193154 -0.014520314654038 -0.018082495046613 -0.023039454749050 -0.029676945935836 -0.037667176732603 -0.045768493806440 -0.055653596894484 -0.066397583725308 -0.066616441542298 -0.068999502709823 -0.077911299881720 -0.096624322813786 
-0.005234579639615 -0.005250161965337 -0.005260036627466 -0.005446424371636 -0.005936168654905 -0.006799993086332 -0.008109128047573 -0.010011523205699 -0.012783233748196 -0.016834371123910 -0.022659211485373 -0.030616626078673 -0.039980548545235 -0.044123457713704 -0.049266102966247 -0.054780253419218 -0.057843959769169 -0.061391699746883 -0.067078094703662 -0.073917493744885 
-0.007509746825460 -0.007070803313957 -0.006393953563360 -0.005856283764652 -0.005698357380055 -0.006054587727702 -0.007035517069492 -0.008806877707784 -0.011640407644625 -0.015947395651088 -0.022370197454850 -0.032191029740709 -0.049181410252616 -0.043674599182840 -0.044879277172276 -0.047996035929367 -0.050967076779525 -0.053961006921598 -0.057329632051768 -0.060235631508393 
-0.011457791614538 -0.010173723423381 -0.008418947981331 -0.006908960264068 -0.005989882712051 -0.005806546861523 -0.006448400840671 -0.008034319185125 -0.010743476194258 -0.014807134653117 -0.020467840403567 -0.027813922759660 -0.035911168739407 -0.038146817803092 -0.040691938732233 -0.043769127939437 -0.046639647420499 -0.048753315011509 -0.050573901559928 -0.051913181441856 
-0.017851882823853 -0.014753639582370 -0.011220383685295 -0.008407731884442 -0.006616746779287 -0.005878013220158 -0.006184675113761 -0.007563458079824 -0.010070492293555 -0.013745580507573 -0.018535275801348 -0.024146664135693 -0.029750240284659 -0.033801083208611 -0.037721435009298 -0.041852973024926 -0.045406177488693 -0.046251103181219 -0.046608078371362 -0.047066662159640 
-0.028313207527697 -0.020675098724905 -0.014278877646952 -0.009913665162354 -0.007269659960563 -0.006049625939134 -0.006085422951122 -0.007303141471166 -0.009659605726291 -0.013066876931616 -0.017314662292172 -0.022000494403260 -0.026581004262188 -0.030999622250927 -0.036024886009663 -0.042221211709201 -0.048714253475640 -0.046169810989079 -0.044253295204958 -0.043900404869480 
-0.047006602489292 -0.026108139801362 -0.016216398048704 -0.010701140572273 -0.007566420895949 -0.006094655288278 -0.005996699397303 -0.007150442921592 -0.009479526751628 -0.012861875059573 -0.017030515383663 -0.021418698668423 -0.025105323313186 -0.029123672608764 -0.034639413340195 -0.043663047992066 -0.062152190367648 -0.046898053178147 -0.041431920659097 -0.039697054396016 
-0.028877903354878 -0.021174624508075 -0.014636267965648 -0.010083368449039 -0.007248830543077 -0.005872001535209 -0.005808814160798 -0.006999305027694 -0.009419301394714 -0.013033504731289 -0.017714109941071 -0.022822879916182 -0.024826378793335 -0.027404863720812 -0.031318957700340 -0.036749764853761 -0.042522459574868 -0.039246026203762 -0.036421956702886 -0.035113908902302 
-0.019075226579100 -0.015795442496101 -0.011931027189253 -0.008703853621487 -0.006499728754689 -0.005419559188363 -0.005497584229615 -0.006770996775926 -0.009299645539349 -0.013211749971698 -0.018935433870004 -0.028197203417964 -0.025410309363560 -0.026126789454147 -0.028364358268254 -0.031290018134873 -0.033644064221150 -0.033129829185675 -0.032009502634678 -0.031325086542646 
-0.013365888340518 -0.011771640646131 -0.009442622464346 -0.007229919238246 -0.005622253709516 -0.004870427541553 -0.005115978403995 -0.006458291044366 -0.008967771953587 -0.012656311746873 -0.017372861385709 -0.022352092653940 -0.023886891899778 -0.025228424244922 -0.026877498359093 -0.028668108609750 -0.029976020664362 -0.030105598820871 -0.029735009189616 -0.029446313297145 
-0.010083946974017 -0.009225797050547 -0.007643243839314 -0.006027075118902 -0.004840020609710 -0.004359381169464 -0.004767726159771 -0.006201248797208 -0.008745604368063 -0.012372179464804 -0.016794865509319 -0.021225046974108 -0.024242729006058 -0.026083954987957 -0.027580654857626 -0.029034951499291 -0.030115251671390 -0.030319978162136 -0.030177319455002 -0.030090938349298 
-0.008381385400494 -0.008026888856846 -0.006582215470946 -0.005192300952906 -0.004244794640874 -0.003963519909113 -0.004530405688688 -0.006114018750574 -0.008854097306508 -0.012796120021651 -0.017761218038485 -0.023134365045069 -0.027604757141271 -0.029391120942698 -0.030667498423535 -0.032267926812731 -0.033718313996835 -0.033560832934632 -0.033271623465320 -0.033339403741218 
-0.007547603602787 -0.008299513110956 -0.006030799523549 -0.004621156768849 -0.003815565693034 -0.003690575321066 -0.004414019546325 -0.006195133077997 -0.009261409051000 -0.013818045907545 -0.019977795719030 -0.027588923766662 -0.035336233479052 -0.035153126312703 -0.035569471801447 -0.037843901370699 -0.041105577173212 -0.039212345846624 -0.038273948204569 -0.038818034443284 
-0.006261035320722 -0.006132743125886 -0.005072119493693 -0.004082247621927 -0.003489667292161 -0.003512706517151 -0.004375420972754 -0.006341389072310 -0.009723162577181 -0.014887812841670 -0.022345713525872 -0.033285437377613 -0.052097881277076 -0.041889101219612 -0.040376178328029 -0.044059698210154 -0.054942752309199 -0.045513786738839 -0.043325931424692 -0.046018044323721 
-0.005516245642457 -0.005249723011313 -0.004526276811549 -0.003765776661492 -0.003308383967398 -0.003422291729195 -0.004366629559798 -0.006434516458178 -0.009964083963062 -0.015307207601269 -0.022727828103525 -0.032075836318195 -0.041447510684988 -0.041148468722729 -0.041397347312985 -0.044062917215117 -0.047902611681747 -0.045567911198337 -0.044296575049219 -0.044874387675895 
