-0.001319811093526 -0.001294748084509 -0.001219012747234 -0.001134834003259 -0.001087960877281 -0.001112524795596 -0.001222120577918 -0.001405760283454 -0.001629348769963 -0.001845125620421 -0.002009371962712 -0.002099579363624 -0.002111419999619 -0.002048149280879 -0.001918939390206 -0.001746102360560 -0.001556915264490 -0.001379826819080 -0.001242522492806 -0.001167702172142 
-0.001718181355005 -0.001668571706457 -0.001545550209937 -0.001412608091268 -0.001330689942595 -0.001339703585133 -0.001452598077558 -0.001653375765193 -0.001898516181103 -0.002126531931689 -0.002282257551705 -0.002350435184340 -0.002339041059893 -0.002253552246343 -0.002096528876747 -0.001898056949142 -0.001688966403669 -0.001497512358189 -0.001350665371271 -0.001270994267510 
-0.002513193476329 -0.002408308485035 -0.002169299368524 -0.001924733443218 -0.001767092075334 -0.001743882691564 -0.001865237487235 -0.002106501607629 -0.002406548743034 -0.002670753582472 -0.002804666041140 -0.002819794725483 -0.002762614190428 -0.002642419564026 -0.002427273000283 -0.002178396487893 -0.001931828989334 -0.001712286374192 -0.001545292156320 -0.001454762111621 
-0.003778750259318 -0.003585710266209 -0.003095197308279 -0.002648912633845 -0.002370313759234 -0.002299708324825 -0.002437656544699 -0.002751761967191 -0.003164003423709 -0.003520768243719 -0.003590902625682 -0.003484334836188 -0.003355282426278 -0.003223456845148 -0.002900125641952 -0.002580399291571 -0.002288436268790 -0.002031973624001 -0.001834600420247 -0.001726294138680 
-0.005595405289999 -0.005346407932696 -0.004251030491431 -0.003498539468904 -0.003072442382259 -0.002950732041574 -0.003115133133519 -0.003540261238161 -0.004168129513020 -0.004800741080318 -0.004668332992770 -0.004270043695363 -0.004032737656027 -0.004061569016394 -0.003476810625095 -0.003094075337453 -0.002774546913022 -0.002479124415138 -0.002237724592286 -0.002100681437480 
-0.007955388729835 -0.008164131657931 -0.005244137790436 -0.004273737291489 -0.003761796100384 -0.003610900941107 -0.003799501739629 -0.004341326741859 -0.005315368368762 -0.006927406506405 -0.006076325862830 -0.004965537818526 -0.004499400350331 -0.004270857247577 -0.003971123803262 -0.003712388428645 -0.003438158836316 -0.003101030526406 -0.002785503967892 -0.002597242666578 
-0.010260476094513 -0.014183469764750 -0.005244137790436 -0.004780929854393 -0.004349017855486 -0.004200846002407 -0.004368032672493 -0.004883885220784 -0.005910267522384 -0.008122368867953 -0.005244137790436 -0.005073309428372 -0.004812724898397 -0.004663707542128 -0.004588587768690 -0.004553587121288 -0.004408376198426 -0.003978610105810 -0.003509817261883 -0.003222978683041 
-0.008973392897146 -0.009336253756170 -0.006608126088646 -0.005423492912829 -0.004875834823576 -0.004705207060251 -0.004782266494209 -0.005043261651084 -0.005364594180009 -0.006054245591471 -0.005244137790436 -0.005322724965910 -0.005109374896894 -0.005130189262893 -0.005363242238936 -0.005741715070519 -0.005936902586555 -0.005213648231797 -0.004408538923036 -0.003937952972683 
-0.007589174836181 -0.007656510807022 -0.006539278931082 -0.005579818932417 -0.005201154416263 -0.005138298170230 -0.005153585107352 -0.005214916595051 -0.005244137790436 -0.005485884253525 -0.005401017604599 -0.005897591471030 -0.005244137790436 -0.005537583983075 -0.006200078024302 -0.007351318894061 -0.008652049152142 -0.006867542666990 -0.005368209340155 -0.004607290720949 
-0.007377769504808 -0.007250976897397 -0.006411192736181 -0.005244137790436 -0.005307544957216 -0.005604478760605 -0.005565748046797 -0.005453772935119 -0.005559350642793 -0.005244137790436 -0.005244137790436 -0.005244137790436 -0.005244137790436 -0.005721334702890 -0.006748120465297 -0.009014769578635 -0.014642414123641 -0.008561945852038 -0.006006730090001 -0.004975052096596 
-0.007632358421624 -0.007628277265442 -0.006648110257565 -0.005244137790436 -0.006556634164673 -0.006457684733802 -0.006088799318454 -0.006258667839796 -0.006295374781263 -0.006658164616358 -0.005244137790436 -0.005162799590757 -0.005182665616976 -0.005518042954231 -0.006255630020574 -0.007468985354550 -0.008803471072127 -0.007045520113545 -0.005554646457449 -0.004794110913784 
-0.008002667266204 -0.009020136944793 -0.007807841802640 -0.007658958432780 -0.009232031288030 -0.007607685166167 -0.006091566996052 -0.005432851189845 -0.006705342966825 -0.009849018449394 -0.005551195419084 -0.005066430794693 -0.004954500691344 -0.005124657658031 -0.005528142041838 -0.006045051613791 -0.006320198687214 -0.005631573258191 -0.004829553383023 -0.004353124777447 
-0.007468502998159 -0.007842621065347 -0.007920622880744 -0.008358097851305 -0.015113830027456 -0.008660863596479 -0.005244137790436 -0.005244137790436 -0.005244137790436 -0.005370286627340 -0.005019711068340 -0.004737142080210 -0.004648872218974 -0.004743888878388 -0.004954398860195 -0.005147477564894 -0.005124329976316 -0.004728137736370 -0.004244929905239 -0.003938463558148 
-0.006723990859137 -0.007042767400284 -0.007707032935819 -0.009867397435438 -0.010040398629918 -0.007111592485435 -0.005614353975136 -0.005093343543715 -0.004863143531936 -0.004738301243617 -0.004544322488740 -0.004406690376909 -0.004395092399303 -0.004502585502110 -0.004661236350496 -0.004745041787479 -0.004623318844051 -0.004299483862884 -0.003934088589203 -0.003702074416066 
-0.005866251568564 -0.006008481738313 -0.006029473233815 -0.013372027271044 -0.008475175370458 -0.005244137790436 -0.005070922675219 -0.004752770558872 -0.004501950043966 -0.004329394145639 -0.004209079078512 -0.004179211729904 -0.004264509298140 -0.004449001555934 -0.004671483731932 -0.004781050652261 -0.004605076993001 -0.004261544893323 -0.003903019331949 -0.003681658229576 
-0.005113000434827 -0.005219254790712 -0.005244137790436 -0.005244137790436 -0.005244137790436 -0.005006265499593 -0.004784483890660 -0.004509754135403 -0.004260442612934 -0.004088943081542 -0.004019725069851 -0.004074968854628 -0.004259752584425 -0.004558255288533 -0.004961087419715 -0.005244137790436 -0.004967048807120 -0.004528908285598 -0.004094486620169 -0.003836905559796 
-0.004555792970652 -0.004675467123364 -0.004796315751957 -0.004884838654063 -0.004922179092910 -0.004852889736263 -0.004714568467747 -0.004452418951500 -0.004181286850482 -0.003997693232093 -0.003951267386122 -0.004061899214054 -0.004324295341514 -0.004712422348288 -0.005456361196929 -0.007215936839022 -0.005624306772450 -0.005009904099581 -0.004404311516596 -0.004071332112228 
-0.004238630625287 -0.004377937520339 -0.004550422291680 -0.004707175628164 -0.004830418065101 -0.004919593466304 -0.004960576589993 -0.004635779656199 -0.004270179108309 -0.004026526318555 -0.003959240771614 -0.004078401922531 -0.004372472312750 -0.004617501628542 -0.004999188769330 -0.005244137790436 -0.005383016461657 -0.005609478524240 -0.004666811511442 -0.004247116000828 
-0.004167069596268 -0.004328538068392 -0.004540771132272 -0.004736091891576 -0.004922524161208 -0.005186287679079 -0.005752312629385 -0.005083312360552 -0.004488155102994 -0.004130692770816 -0.004000153545945 -0.004058408269190 -0.004247748489631 -0.004474083006968 -0.004742345961205 -0.004958996845965 -0.005087171517936 -0.005118175693796 -0.004573439268241 -0.004226926721948 
-0.004301574032767 -0.004496382195710 -0.004755865100960 -0.004926886527430 -0.005054742931083 -0.005244137790436 -0.007895239952677 -0.005648135113838 -0.004704984961293 -0.004256575570557 -0.004083034694427 -0.004095340214993 -0.004227188338884 -0.004417917549990 -0.004639349034689 -0.004832635264120 -0.004947543742263 -0.005262457439866 -0.004435316694212 -0.004062420228603 
-0.004554447132761 -0.004817136008690 -0.005207991590349 -0.005244137790436 -0.005175683256423 -0.005180802374492 -0.005244137790436 -0.005064873073726 -0.004649275931233 -0.004354651750427 -0.004223298144937 -0.004232946528888 -0.004337015937997 -0.004491406891820 -0.004688298134040 -0.004871255014922 -0.004668602223894 -0.004447196942168 -0.004000407248558 -0.003730099504532 
-0.004786462294956 -0.005158669364768 -0.006074541370427 -0.010975411473597 -0.005244137790436 -0.005087695079628 -0.005000592083629 -0.004873352521603 -0.004686917107612 -0.004531615271584 -0.004468719136943 -0.004508110458486 -0.004601671046737 -0.004690873642832 -0.004871076042638 -0.005368847977686 -0.004513360169959 -0.003998243533847 -0.003589966806131 -0.003360877480560 
-0.004828101278502 -0.005047413836699 -0.005350287996890 -0.006703464542811 -0.005244137790436 -0.005006291835377 -0.004922039328379 -0.004911245959753 -0.004888277084077 -0.004837446265907 -0.004842782288001 -0.004950137985887 -0.005065807474625 -0.004954482274740 -0.004825697826926 -0.004687313209401 -0.004141898131088 -0.003631568308050 -0.003240482902762 -0.003028521972371 
-0.004806283432057 -0.004934295754079 -0.005105848832603 -0.005244137790436 -0.005025747623154 -0.004895850353116 -0.004929047575254 -0.005114777141853 -0.005244137790436 -0.005244137790436 -0.005305356392368 -0.005569310735054 -0.005917726664601 -0.005369838319703 -0.004885469984105 -0.004478710946488 -0.003885756402593 -0.003366127319022 -0.002980930492454 -0.002776306185831 
-0.004810725435658 -0.004881999580650 -0.004954139657020 -0.004950892474578 -0.004837312833130 -0.004794947923754 -0.004956971983987 -0.005483139825377 -0.006842412524651 -0.005745218452335 -0.005695030122999 -0.006231551786751 -0.007758628961395 -0.005814730726528 -0.004937026026530 -0.004315266495825 -0.003721133234523 -0.003206761113909 -0.002828214089130 -0.002628149204798 
-0.004890979300878 -0.004945400449413 -0.004988688694773 -0.004900680650379 -0.004758997904164 -0.004699974979251 -0.004814957588855 -0.005137751232132 -0.005559346978016 -0.005244137790436 -0.005585845941051 -0.005969497821979 -0.006259430251186 -0.005244137790436 -0.004826767027040 -0.004253890460899 -0.003674853271639 -0.003168551680064 -0.002794615137893 -0.002596658413466 
-0.005030486092610 -0.005109109104784 -0.005244137790436 -0.005051938453298 -0.004797247867192 -0.004656654372496 -0.004680041807949 -0.004856937018664 -0.005096085294019 -0.005216938037486 -0.005506439265291 -0.005861848364447 -0.006090395981014 -0.005569116911422 -0.004970998625228 -0.004353723723942 -0.003766778463339 -0.003259697274791 -0.002884627474656 -0.002685456055723 
-0.005152796103829 -0.005244137790436 -0.006398972637416 -0.005380919744528 -0.004901781600970 -0.004665240960683 -0.004610992782769 -0.004706043283495 -0.004895276551156 -0.005119913120920 -0.005438837194634 -0.005936236194715 -0.006700502424662 -0.006009870081822 -0.005233824779357 -0.004576472665445 -0.003983915780244 -0.003474732268547 -0.003095185174152 -0.002892168222133 
-0.005206076828832 -0.005244137790436 -0.009752925630822 -0.005244137790436 -0.004907722143837 -0.004679903494303 -0.004597066594554 -0.004654140930628 -0.004816656171320 -0.005033992148123 -0.005244137790436 -0.005773397495999 -0.006284065690643 -0.006012785020171 -0.005465097384104 -0.004874317403791 -0.004309934392055 -0.003807893682696 -0.003423386761576 -0.003214084753781 
-0.005230414614067 -0.005244137790436 -0.005244137790436 -0.005153801224184 -0.004909939843677 -0.004704589417462 -0.004621054610979 -0.004671120450401 -0.004825085687379 -0.005032234351039 -0.005244137790436 -0.005641511730591 -0.006663488042349 -0.006330414342524 -0.005823653319164 -0.005277446164669 -0.004759047628490 -0.004268909843361 -0.003873155045365 -0.003650287364049 
-0.005244137790436 -0.006672615490989 -0.009845450642763 -0.005244137790436 -0.004960014986729 -0.004736131582054 -0.004661996878522 -0.004734217526842 -0.004903247655313 -0.005092114834061 -0.005244137790436 -0.005880477244962 -0.006572096491030 -0.006851974282437 -0.006299227873251 -0.005779939446172 -0.005363348120989 -0.004880841944247 -0.004448365291098 -0.004189369936132 
-0.006312649175519 -0.007114264825033 -0.007279135770132 -0.005715807973671 -0.005027555855867 -0.004729333603240 -0.004684866831795 -0.004828168048799 -0.005068240713737 -0.005251830676430 -0.005523307857600 -0.006077821016293 -0.006898155384496 -0.007878325035962 -0.006803810478673 -0.006294465354974 -0.006204750274904 -0.005673738544367 -0.005131631421575 -0.004775618768718 
-0.006613987274077 -0.008205936877852 -0.006481282693917 -0.005375614018856 -0.004793374813771 -0.004572988221340 -0.004632166475901 -0.004933676894771 -0.005382441671437 -0.005400338224835 -0.005570568289092 -0.006039355589127 -0.007071207422617 -0.007662531973661 -0.006782157747850 -0.006475434679961 -0.007622152128257 -0.006662787427084 -0.005856857804186 -0.005249444472146 
-0.005401097324130 -0.005686095541389 -0.005148238768425 -0.004612733563631 -0.004301102101774 -0.004239534091974 -0.004438232141506 -0.004979898564773 -0.006189213796425 -0.005476082292152 -0.005388219685131 -0.005472406940387 -0.005244137790436 -0.006038282892190 -0.006354948209441 -0.005244137790436 -0.011215657968880 -0.007598770228329 -0.006519279113982 -0.005244137790436 
-0.004086102549764 -0.004134688385047 -0.003962401790881 -0.003767874115037 -0.003683032600435 -0.003755957872015 -0.004003755520716 -0.004432023887452 -0.004961209915256 -0.005013023658419 -0.005112805565706 -0.005244137790436 -0.005547546007433 -0.006233966809446 -0.007355239111040 -0.007261243216729 -0.009417166578900 -0.011860589496900 -0.007417730583771 -0.005244137790436 
-0.002983508723816 -0.003018364629533 -0.003001839536667 -0.002995884458304 -0.003063570467930 -0.003236671384009 -0.003523836428932 -0.003910706132137 -0.004328052930180 -0.004624122094396 -0.004893784200842 -0.005156946439367 -0.005509845588645 -0.006020804257375 -0.006535176618337 -0.007041348645095 -0.007344862593653 -0.006332478755120 -0.006079749012306 -0.005245129733469 
-0.002146849162298 -0.002202898601630 -0.002268268621896 -0.002369317198531 -0.002536213443499 -0.002786191659163 -0.003122213335202 -0.003532078175093 -0.003981163482761 -0.004416680555440 -0.004813315032817 -0.005081732215355 -0.005397460762452 -0.005852454168483 -0.006439433066607 -0.007052530346190 -0.006624982574313 -0.005891418270321 -0.005391992941322 -0.004980346743523 
-0.001558801731188 -0.001634048718141 -0.001748223837421 -0.001915912215667 -0.002152858668107 -0.002467430288901 -0.002858221358593 -0.003316452659497 -0.003833832995043 -0.004410902959881 -0.004997497168281 -0.005082896614301 -0.005251438926767 -0.005625542241229 -0.006358296992869 -0.008146293229428 -0.006307993330437 -0.005358132627236 -0.004798048797546 -0.004491647942343 
-0.001178163926093 -0.001267260132032 -0.001415154317733 -0.001632236621417 -0.001928216420876 -0.002305220597971 -0.002753144808853 -0.003253813318896 -0.003812012156485 -0.004538254434155 -0.005775814318178 -0.005113510515380 -0.005006623022843 -0.005113703627235 -0.005244137790436 -0.005800858381658 -0.005237084138067 -0.004639459814532 -0.004203237680436 -0.003969477362399 
-0.000956198269862 -0.001056130211500 -0.001231730518333 -0.001493370341296 -0.001850143921167 -0.002300493728187 -0.002818235539882 -0.003340292974058 -0.003795295959580 -0.004261331095180 -0.004728772797320 -0.004685866865792 -0.004652131753501 -0.004649542590746 -0.004654640811098 -0.004673553935128 -0.004371440185503 -0.003993247741814 -0.003685183976564 -0.003514248925272 
-0.000846006566414 -0.000954937883034 -0.001154751615233 -0.001459637709831 -0.001885214756533 -0.002437288664079 -0.003083057596775 -0.003684642863800 -0.003937046631773 -0.004119839590510 -0.004300054557537 -0.004364934761416 -0.004382544646416 -0.004285615284653 -0.004157063836745 -0.004008204441818 -0.003770970026441 -0.003512600143684 -0.003301646207598 -0.003178005978154 
-0.000809052759911 -0.000923594000108 -0.001140173491082 -0.001479611988686 -0.001972670885821 -0.002658292314551 -0.003561656038192 -0.004535285620961 -0.004300979869389 -0.004122727643632 -0.004114418680067 -0.004210430236136 -0.004339066981271 -0.004070737037278 -0.003808507470620 -0.003583880274452 -0.003375356877045 -0.003198970468578 -0.003069728584766 -0.002971685545197 
-0.000819406236012 -0.000932476676411 -0.001149397857815 -0.001495644014585 -0.002016091078577 -0.002801394648636 -0.004090239085973 -0.006688093438324 -0.004728504398121 -0.004084065688089 -0.003945795595427 -0.004124321624833 -0.004767071215298 -0.003953568364354 -0.003546916623998 -0.003286983810043 -0.003109223217280 -0.003013871405965 -0.002992045942239 -0.002867456848687 
-0.000865728354103 -0.000966920931546 -0.001159837622123 -0.001466221369245 -0.001916234577679 -0.002545926941934 -0.003376878455335 -0.004260428455223 -0.003928762039262 -0.003651544548221 -0.003569902590086 -0.003647731138083 -0.003779520377911 -0.003516789747718 -0.003251744313280 -0.003035306366892 -0.002893945694171 -0.002881167235525 -0.003123534105858 -0.002777791485466 
-0.000950412515442 -0.001029367372307 -0.001175462424642 -0.001407397008477 -0.001742324538449 -0.002182032602396 -0.002687113597298 -0.003115225578901 -0.003165668107589 -0.003134398315087 -0.003149825306997 -0.003219175288061 -0.003272385183897 -0.003179483430377 -0.003014989927831 -0.002823276717886 -0.002662041562658 -0.002572949981602 -0.002555674579810 -0.002439963808300 
-0.001085138902252 -0.001135197553163 -0.001215323353523 -0.001352479421038 -0.001564524535246 -0.001846518244737 -0.002162180455097 -0.002436539007423 -0.002587278325145 -0.002688906950773 -0.002800030820539 -0.002924271563754 -0.003016475696823 -0.003011860031712 -0.002901542506094 -0.002688046587796 -0.002472740165873 -0.002304300935609 -0.002192163263503 -0.002109545717725 
-0.001283881165697 -0.001310101871578 -0.001301155573229 -0.001327990983339 -0.001422060492027 -0.001581933705369 -0.001784024801087 -0.001991918899634 -0.002178720091648 -0.002364325366038 -0.002568986051029 -0.002783520314927 -0.002961454964632 -0.003032704769660 -0.002955665054890 -0.002651292431695 -0.002356677208816 -0.002113680346341 -0.001942628633341 -0.001848760819987 
-0.001549017644061 -0.001602102509544 -0.001445646472886 -0.001341998830678 -0.001327410007894 -0.001394674457914 -0.001525525955291 -0.001700830804764 -0.001910993405156 -0.002163399062312 -0.002464543550043 -0.002798541627295 -0.003105827777456 -0.003257163521536 -0.003063735422400 -0.002692418308721 -0.002313813440681 -0.002000102213679 -0.001780560587811 -0.001667036346993 
-0.001825062098725 -0.002155217779142 -0.001619819534073 -0.001372514840523 -0.001272572933064 -0.001277282017597 -0.001365696936110 -0.001525976546163 -0.001756415099521 -0.002065635692222 -0.002464162439348 -0.002951222303204 -0.003487550767784 -0.003889647453229 -0.003415194421224 -0.002840303204422 -0.002338591769788 -0.001951051967868 -0.001689077322041 -0.001557052331275 
-0.001805489492971 -0.001831557281506 -0.001578419752334 -0.001361285763820 -0.001240805926210 -0.001219730527204 -0.001289596201651 -0.001444848746406 -0.001688723560908 -0.002034908773131 -0.002507296663614 -0.003147801078575 -0.004053514813313 -0.005443605453088 -0.003938279097113 -0.003020079631291 -0.002386715988598 -0.001940619952850 -0.001650410557594 -0.001506682328328 
