-0.000914049898131 -0.001047187125838 -0.001271734655158 -0.001582707514787 -0.001972740027917 -0.002422274005937 -0.002885598133140 -0.003282315318470 -0.003526944328007 -0.003644548675457 -0.003698277624263 -0.003707288311551 -0.003664676929817 -0.003652185904244 -0.003751615203995 -0.004038204293006 -0.004599926619569 -0.005563862390567 -0.007162865257417 -0.009927601230945 
-0.001092669979010 -0.001231803806190 -0.001466143164352 -0.001789379631319 -0.002202922890933 -0.002700088289541 -0.003242629883231 -0.003723845542483 -0.003949142381364 -0.004014776075409 -0.004059682355478 -0.004086165334492 -0.003976894773570 -0.003895823682719 -0.003929961767960 -0.004132918777530 -0.004552077256695 -0.005229951204503 -0.006184083954507 -0.007225688554651 
-0.001395034213653 -0.001545404326709 -0.001794996002789 -0.002128260961365 -0.002570625280111 -0.003149910559899 -0.003868894908527 -0.004618487166827 -0.004732031787960 -0.004621148113158 -0.004661825095668 -0.004825598352279 -0.004501099391845 -0.004276428594279 -0.004204340508233 -0.004291776873197 -0.004530959022823 -0.004889727045733 -0.005348375140917 -0.005754032857230 
-0.001788447215562 -0.001959421101022 -0.002231388539018 -0.002542878791781 -0.002980393912822 -0.003628817030962 -0.004608571817798 -0.006256445221346 -0.005851503032549 -0.005222533893540 -0.005289045467819 -0.006180789495362 -0.005087509697585 -0.004682825087187 -0.004516988330811 -0.004526251493005 -0.004643584096259 -0.004719248139565 -0.004836117257059 -0.004951862930638 
-0.002218969860127 -0.002435024242085 -0.002772841550784 -0.002970552165725 -0.003314134674213 -0.003897968101347 -0.004756855678199 -0.005736501574803 -0.005541345591939 -0.005216573821200 -0.005166324194083 -0.005328640441731 -0.005077658060630 -0.004960866816750 -0.004789955069205 -0.004821855995375 -0.005001280471747 -0.004754631330182 -0.004600652802862 -0.004552330248204 
-0.002602672422275 -0.002905699489370 -0.003536145894188 -0.003351327465813 -0.003516071664306 -0.003995361355117 -0.004857323991660 -0.006422477118450 -0.005420334214578 -0.005026465604126 -0.004921951651528 -0.004963576146444 -0.005006961635582 -0.005353914117625 -0.004952438249414 -0.005082857425011 -0.005909926545433 -0.004902747759388 -0.004515130387169 -0.004381410061686 
-0.002822091882682 -0.003120261394934 -0.003778129375162 -0.003460071929642 -0.003509456759497 -0.003817352436256 -0.004327971821818 -0.004891691107591 -0.004770706285025 -0.004649736354413 -0.004634868798637 -0.004685091245731 -0.004693460638596 -0.004742466082337 -0.004654096970959 -0.004711636548011 -0.004875683377034 -0.004596024339499 -0.004400669360876 -0.004325454905168 
-0.002879234868055 -0.003048394575809 -0.003286772594430 -0.003291758387022 -0.003367569164228 -0.003569290744401 -0.003866497918835 -0.004150416427089 -0.004233935213108 -0.004283263468449 -0.004391410804830 -0.004543160459622 -0.004430300828795 -0.004355336264444 -0.004309967595859 -0.004338565103538 -0.004399492635461 -0.004366968106345 -0.004362632400426 -0.004405043934130 
-0.002918809738319 -0.003016219826533 -0.003124693284541 -0.003171462681002 -0.003242395813927 -0.003379852913434 -0.003568972168711 -0.003749967888640 -0.003864861515653 -0.003980369549130 -0.004204226507505 -0.004735884570591 -0.004230791718589 -0.004055325905842 -0.004017060517927 -0.004061950761222 -0.004152149054106 -0.004260956107792 -0.004438475080520 -0.004686283473284 
-0.003016920946986 -0.003092707939465 -0.003139973618172 -0.003157081389015 -0.003200597733842 -0.003300761042118 -0.003441336431115 -0.003569457266276 -0.003639074577520 -0.003695816465297 -0.003794350835585 -0.003926727712105 -0.003810963501991 -0.003753215457829 -0.003782016868793 -0.003879067759430 -0.004022119474673 -0.004217712159689 -0.004559767770762 -0.005300915586147 
-0.003178325954574 -0.003303363603722 -0.003293838715847 -0.003241168365660 -0.003246692115210 -0.003337677590853 -0.003483353939914 -0.003600199148892 -0.003576981991297 -0.003516722106334 -0.003487607693836 -0.003494646096764 -0.003482156634913 -0.003521798337485 -0.003631687364008 -0.003792806660651 -0.003970281067459 -0.004142011116109 -0.004356771509185 -0.004618484101401 
-0.003318187653680 -0.003713339400364 -0.003573511397173 -0.003375950675197 -0.003337699368050 -0.003459820096390 -0.003692100940546 -0.003906220794633 -0.003701671835937 -0.003471852939660 -0.003319862617689 -0.003261819727320 -0.003284480112465 -0.003396964187686 -0.003591345148997 -0.003832646010897 -0.004050716149066 -0.004137976656228 -0.004204625112318 -0.004276356458961 
-0.003129216427087 -0.003415832301630 -0.003954717661646 -0.003440251111831 -0.003380674616229 -0.003587562010857 -0.004021604213739 -0.004719461591422 -0.003987757242103 -0.003524387752845 -0.003258356540881 -0.003158488442657 -0.003203466520055 -0.003379487604919 -0.003666767046641 -0.004030159211927 -0.004376996086513 -0.004271375747058 -0.004166774489736 -0.004124204217304 
-0.002745124527974 -0.002911357381515 -0.003132989211857 -0.003129721111903 -0.003256327738808 -0.003580037409024 -0.004143020970137 -0.005076377316656 -0.004121616606399 -0.003557392888912 -0.003244037473869 -0.003136011045159 -0.003208759411476 -0.003442445787345 -0.003820067778875 -0.004355614845431 -0.005234143726185 -0.004516643984013 -0.004205355563407 -0.004079232508349 
-0.002324907819719 -0.002447348530879 -0.002622287630677 -0.002786006425442 -0.003033371460245 -0.003417251865508 -0.003943454273467 -0.004459520887235 -0.003979049495403 -0.003517498632632 -0.003239915795425 -0.003160187981387 -0.003268938314092 -0.003545812952748 -0.003952040611290 -0.004409755694862 -0.004749362666358 -0.004463576598623 -0.004217441958684 -0.004088279488229 
-0.001945022578520 -0.002059096147058 -0.002239969081931 -0.002469550578292 -0.002775631657630 -0.003197201292400 -0.003814835203442 -0.004887455732860 -0.003932649900373 -0.003464868115034 -0.003243504266349 -0.003212182870543 -0.003364834259112 -0.003690928351664 -0.004154977457086 -0.004644171388373 -0.004680553659504 -0.004495686367602 -0.004294600060024 -0.004175528557730 
-0.001636101088470 -0.001751256170607 -0.001941387140828 -0.002193846886552 -0.002503615169392 -0.002864017925495 -0.003282809904224 -0.003675384831385 -0.003501485394203 -0.003318429835374 -0.003239566738520 -0.003274501459001 -0.003471639148027 -0.003851391748168 -0.004439076744114 -0.005391221391176 -0.004919569643427 -0.004690824751674 -0.004485233738281 -0.004363021990439 
-0.001409773439621 -0.001524960218971 -0.001717729981061 -0.001975108444335 -0.002273684782098 -0.002556599666575 -0.002850342674534 -0.003098302744844 -0.003172498657539 -0.003192224054098 -0.003267728800311 -0.003339497113997 -0.003557930855322 -0.003937415286733 -0.004435611631069 -0.004932834546270 -0.004998347057328 -0.005001463026674 -0.004774032591669 -0.004631588168109 
-0.001271173749917 -0.001380344415118 -0.001564350459251 -0.001815511266922 -0.002121532554325 -0.002315647512919 -0.002541757603339 -0.002763606925681 -0.002956244228558 -0.003093224640104 -0.003387479274858 -0.003391346291650 -0.003628139342911 -0.004030496254630 -0.004518998017921 -0.004956238877121 -0.005198452914328 -0.005645521647785 -0.005115700187508 -0.004915686206835 
-0.001225812828587 -0.001319819955281 -0.001475756399391 -0.001683095494190 -0.001915226334609 -0.002118154672882 -0.002320317511785 -0.002517683340053 -0.002703865664135 -0.002884771455040 -0.003113300785553 -0.003327227575717 -0.003671054499431 -0.004158372615713 -0.004731000942392 -0.005198452914328 -0.017688751390602 -0.007313102801533 -0.005198452914328 -0.005093577288753 
-0.001283423421140 -0.001355987330972 -0.001477294606300 -0.001643362667035 -0.001836240276078 -0.002028533009755 -0.002213698512523 -0.002385955121930 -0.002551923540398 -0.002733786861491 -0.002968727220010 -0.003276538784778 -0.003718623133052 -0.004322973162729 -0.005114146511012 -0.006272662254068 -0.009202128042624 -0.006851927616709 -0.005198452914328 -0.005198452914328 
-0.001452945335092 -0.001497212189386 -0.001581466205956 -0.001715724332198 -0.001890867297034 -0.002081378394435 -0.002258029674964 -0.002400018709969 -0.002527037226641 -0.002682181278706 -0.002914147400821 -0.003263415241091 -0.003767241371298 -0.004430314795919 -0.005200457714349 -0.005952596095097 -0.006718151578963 -0.005990591968910 -0.005198452914328 -0.005398405558449 
-0.001740674499734 -0.001740179245045 -0.001781250264899 -0.001895309921594 -0.002079998786899 -0.002301000069198 -0.002494404170250 -0.002593767059339 -0.002648987964468 -0.002740289352044 -0.002936983934349 -0.003289486418533 -0.003831705033904 -0.004566163365450 -0.005388792013223 -0.005665667475663 -0.005751272201672 -0.005198452914328 -0.005198452914328 -0.005798413216227 
-0.002156737500073 -0.002062796216773 -0.002044945337558 -0.002153152978239 -0.002388103746555 -0.002706407463262 -0.002987671356491 -0.003007537331968 -0.002928290703070 -0.002901876049629 -0.003019638730640 -0.003333241891932 -0.003881899472666 -0.004739101667983 -0.006184115633306 -0.005622549375459 -0.005452935335752 -0.005198452914328 -0.005198349018851 -0.005198452914328 
-0.002741020374488 -0.002400646339474 -0.002306564782227 -0.002429892344596 -0.002765976559603 -0.003298631966727 -0.003889875717961 -0.003689062168604 -0.003352439643353 -0.003139442808568 -0.003134019762348 -0.003356380982585 -0.003799077734323 -0.004426947694281 -0.005112419598032 -0.005238879061726 -0.005276987825973 -0.005233763306124 -0.005198452914328 -0.005197991655921 
-0.002635921214318 -0.002544366399376 -0.002463825493253 -0.002638570477663 -0.003095682055452 -0.003959264463738 -0.005680077440495 -0.004643208824325 -0.003839828462185 -0.003390089621944 -0.003251699374344 -0.003376309805719 -0.003711477994436 -0.004185145339961 -0.004681961686808 -0.005016261889738 -0.005239927327190 -0.005292129602140 -0.005317104208465 -0.005198452914328 
-0.002410034735009 -0.002418675253689 -0.002485489292480 -0.002720431651655 -0.003170451794851 -0.003862427099743 -0.004769909832849 -0.005442708080342 -0.004139892251906 -0.003542653677303 -0.003332371915457 -0.003396700713968 -0.003661133955494 -0.004052323244343 -0.004510533390102 -0.004982753572756 -0.005437221918031 -0.005426515174191 -0.005603461312648 -0.006451523261168 
-0.002286047495336 -0.002353292783448 -0.002498950324873 -0.002771024676710 -0.003182157733699 -0.003691522029971 -0.004171814368486 -0.004347914322576 -0.003892469201140 -0.003514762617290 -0.003353870995511 -0.003413921874915 -0.003646435777582 -0.003978831530730 -0.004420607480749 -0.005037670840813 -0.006144497938303 -0.005427480414466 -0.005254555364155 -0.005198452914328 
-0.002273745137641 -0.002381473820490 -0.002582549343427 -0.002893407350388 -0.003300586439998 -0.003729416411239 -0.004027579733659 -0.004029564959719 -0.003750753453929 -0.003476253525356 -0.003357052501402 -0.003434963196351 -0.003671976613653 -0.003914817006728 -0.004251048435816 -0.004663613764562 -0.005065850335790 -0.004952040686740 -0.004847614027894 -0.004796766124754 
-0.002379978361320 -0.002522973701847 -0.002776336159055 -0.003142677090652 -0.003606481296147 -0.004079937842308 -0.004339776535782 -0.004159186806051 -0.003795090418180 -0.003483719360041 -0.003350383822702 -0.003443168910103 -0.003782478877245 -0.003863927121425 -0.004108900815246 -0.004392674511269 -0.004594567806875 -0.004581502967405 -0.004511539947086 -0.004464336621089 
-0.002605515314723 -0.002783963122110 -0.003087702695184 -0.003512614508588 -0.004088251041379 -0.004782889317191 -0.005198452914328 -0.004610623404332 -0.003963643208196 -0.003507046556366 -0.003295416582740 -0.003320462869779 -0.003523788672321 -0.003746422730514 -0.004032971400971 -0.004305772441431 -0.004455191885441 -0.004414744122653 -0.004323896743220 -0.004265898449429 
-0.002945336205715 -0.003165573496851 -0.003510101616565 -0.003933696169211 -0.004593973893804 -0.005819919909677 -0.012307696082485 -0.005198452914328 -0.004099389482465 -0.003480467844551 -0.003199180807516 -0.003185953401838 -0.003375471638390 -0.003686745468902 -0.004072710353395 -0.004430361706828 -0.004615628252469 -0.004452403307258 -0.004292965345754 -0.004215375808180 
-0.003381108335944 -0.003676808685917 -0.004079836116803 -0.004303501517108 -0.004640440417377 -0.005198452914328 -0.006489503731143 -0.004902518706533 -0.003911929927890 -0.003324457516668 -0.003053947044895 -0.003052212137415 -0.003279325352066 -0.003692177590831 -0.004236825138733 -0.004791688087893 -0.005197165945970 -0.004624825808482 -0.004361221752091 -0.004284836471819 
-0.003848048850657 -0.004327708105626 -0.005034018968320 -0.004736779890509 -0.004579119581245 -0.004636324488426 -0.004760717660088 -0.004135918818809 -0.003516712853326 -0.003083732471429 -0.002880584648442 -0.002916900519591 -0.003195308538243 -0.003721653727030 -0.004493449502984 -0.005350200960057 -0.005064008362002 -0.004605587583809 -0.004396123126028 -0.004437252365472 
-0.004157975946697 -0.004968379671135 -0.007130058154032 -0.005198475849577 -0.004468563244831 -0.004155372605194 -0.003941537331737 -0.003560508429196 -0.003165452910832 -0.002862268534879 -0.002718635150528 -0.002775967495517 -0.003070467987519 -0.003669167854931 -0.004772496874139 -0.007104841011964 -0.005182521209767 -0.004453519946059 -0.004299676037299 -0.004719967430602 
-0.003974689810534 -0.004429118481048 -0.005061882768548 -0.004610319564889 -0.004130360423113 -0.003777219604798 -0.003502707551106 -0.003225033968945 -0.002958574523092 -0.002724954310268 -0.002597916081041 -0.002627132573031 -0.002844786949539 -0.003274391023574 -0.003919997312953 -0.004627085562038 -0.004206041096820 -0.003845974101086 -0.003718748227603 -0.003796309610551 
-0.003679356894397 -0.003940491799657 -0.004240192030808 -0.004214451296759 -0.003856390948625 -0.003529782113169 -0.003282269550134 -0.003089034756849 -0.002921728530544 -0.002690928157290 -0.002533268075703 -0.002496007101563 -0.002597174142610 -0.002829404575488 -0.003143528703857 -0.003397191329785 -0.003306857273615 -0.003153226714412 -0.003068781944759 -0.003063766165738 
-0.003474731582599 -0.003658391741091 -0.003916984097596 -0.004268613109941 -0.003714876560208 -0.003391007874111 -0.003193871574292 -0.003087582825660 -0.003070359661642 -0.002736336916313 -0.002515809640738 -0.002398140159577 -0.002385237566420 -0.002460451697973 -0.002578634636701 -0.002662402458392 -0.002632190635981 -0.002559176635569 -0.002504897309530 -0.002485535976498 
-0.003422642388769 -0.003533338543241 -0.003637411042994 -0.003685983708928 -0.003476197447790 -0.003287311897371 -0.003166926796076 -0.003095612874867 -0.003006869916488 -0.002768400755961 -0.002523117756464 -0.002335460729167 -0.002228393668906 -0.002192666460903 -0.002196247678801 -0.002196899346656 -0.002164646701168 -0.002116879286257 -0.002078025782955 -0.002058911951851 
-0.003562155238692 -0.003633946650225 -0.003582576146506 -0.003492852242766 -0.003362245266272 -0.003267932613213 -0.003232820425624 -0.003233335248893 -0.003177248649491 -0.002906276858740 -0.002588266779444 -0.002319966204892 -0.002133751205614 -0.002022523391052 -0.001958958192361 -0.001912877214316 -0.001867063150844 -0.001823728724308 -0.001790667052709 -0.001772625937959 
-0.003875843068755 -0.004039786127428 -0.003730696492632 -0.003490931549093 -0.003359154421710 -0.003331420527345 -0.003394033033797 -0.003538538532171 -0.003657190218157 -0.003197586043868 -0.002726970205840 -0.002358441915633 -0.002105168778164 -0.001945849011368 -0.001844642438149 -0.001768622342297 -0.001706120831820 -0.001657316719343 -0.001622988235277 -0.001602958362515 
-0.004196835462664 -0.005027883584977 -0.003943854283606 -0.003520094863961 -0.003383714872888 -0.003422304086908 -0.003582394593238 -0.003959022580866 -0.004784158095515 -0.003605983497463 -0.002899109739926 -0.002433999526842 -0.002138472453425 -0.001961024889393 -0.001845733442163 -0.001742469720879 -0.001654069043941 -0.001588624299099 -0.001544592520097 -0.001517819077288 
-0.003790328840713 -0.003928559202907 -0.003604559609574 -0.003384672424539 -0.003338952276598 -0.003462644444593 -0.003633702986545 -0.003985211062800 -0.004364396123778 -0.003644122596964 -0.002975598003899 -0.002507057210249 -0.002221537924068 -0.002068505847226 -0.001970994155666 -0.001823028908493 -0.001685662755904 -0.001585432433188 -0.001520189758736 -0.001482927601842 
-0.003390158702677 -0.003402965133585 -0.003288153578281 -0.003198241048442 -0.003207831440342 -0.003334001504508 -0.003572160991291 -0.004044781726455 -0.005090739962517 -0.003742743456914 -0.003009962039339 -0.002574403082744 -0.002344061296539 -0.002268585724394 -0.002266454491832 -0.002001413372189 -0.001775610089701 -0.001621295066423 -0.001526386412498 -0.001478597004063 
-0.003152499946700 -0.003151180280608 -0.003095244484714 -0.003054322436318 -0.003080128377032 -0.003186328388890 -0.003362630563521 -0.003592427122587 -0.003798689111354 -0.003348241724311 -0.002914812014344 -0.002618648162005 -0.002479351626058 -0.002523206268218 -0.002902640180848 -0.002234325058291 -0.001892031431393 -0.001689771251504 -0.001571243218176 -0.001515162367130 
-0.003098963751274 -0.003108044554578 -0.003043051700572 -0.002995072507455 -0.003008273705888 -0.003083989599822 -0.003200656153613 -0.003265227458791 -0.003274069038978 -0.003085896016388 -0.002859526030138 -0.002688704259884 -0.002591636816928 -0.002542763777360 -0.002518470924483 -0.002227969083526 -0.001973572206342 -0.001783571981765 -0.001661736387666 -0.001603949386824 
-0.003200338536834 -0.003274358422715 -0.003116911352860 -0.003016742686228 -0.003001397071150 -0.003043432540098 -0.003166143344380 -0.003102223060798 -0.003078860790179 -0.003018016291280 -0.002923123347213 -0.002861588774311 -0.002816280109214 -0.002669625191325 -0.002504700309412 -0.002295365225373 -0.002104747623232 -0.001925106000043 -0.001802441818715 -0.001746973691364 
-0.003351375831963 -0.003756470621434 -0.003246951832150 -0.003071061842579 -0.003037501245730 -0.002990998272160 -0.002996298717215 -0.002997455722027 -0.003046234382925 -0.003121136843616 -0.003106048551330 -0.003172036176425 -0.003284813205272 -0.002951693682442 -0.002661472063439 -0.002460352754264 -0.002331046061025 -0.002115547793183 -0.001977340596026 -0.001928954440701 
-0.003180749470104 -0.003262747180785 -0.003129908614769 -0.003072172465612 -0.003152330796072 -0.002971172287634 -0.002920518296459 -0.002953429171871 -0.003092093399789 -0.003399651956664 -0.003321457188625 -0.003547433359787 -0.004289456836636 -0.003309042874112 -0.002849324544772 -0.002653203007659 -0.002711348560713 -0.002308202880265 -0.002134965696839 -0.002115605208708 
-0.003053687385807 -0.003076963794021 -0.003032866470362 -0.003002309448230 -0.002995076689019 -0.002910615690354 -0.002873818841875 -0.002916300619442 -0.003045232301576 -0.003227115180781 -0.003311039446337 -0.003472083358452 -0.003642372121422 -0.003242437577469 -0.002881247559634 -0.002663880680076 -0.002546871222736 -0.002325108473340 -0.002180782937482 -0.002132112312770 
