-0.026151177704206 -0.027618570937564 -0.030040326131061 -0.032900906791722 -0.034727769693100 -0.032897603785367 -0.029740475408586 -0.026517446775689 -0.023784851933312 -0.021775142602377 -0.020626653533403 -0.020465291994647 -0.021332978605066 -0.023078336976033 -0.025309373697241 -0.027579563629299 -0.030061064125042 -0.041730902273923 -0.078031844805848 -0.142144274722056 
-0.026407227552809 -0.028049292809954 -0.030966807734168 -0.035250661041418 -0.039655623826954 -0.035592140096326 -0.031313540824315 -0.027710657857940 -0.024937257789230 -0.022974867380685 -0.021843756024992 -0.021681384804071 -0.022575621900279 -0.024386960154067 -0.026555134011849 -0.028018735793495 -0.029320553315252 -0.030061064125042 -0.050220360851852 -0.062727471521262 
-0.026085426840959 -0.027910656337156 -0.031365542260684 -0.038276970669756 -0.053711475998003 -0.039361492151701 -0.033210325346143 -0.029249004543218 -0.026624900093750 -0.024847962299519 -0.023720448289030 -0.023503263247764 -0.024454142471543 -0.026617247462715 -0.029389619151019 -0.029124998832940 -0.029332281930095 -0.029674582022235 -0.030061064125042 -0.030061064125042 
-0.024506177394932 -0.026001082639220 -0.028835283317528 -0.033210638287004 -0.038148253147217 -0.035410716721747 -0.033455577795935 -0.030214736579279 -0.028405462738074 -0.027167924997486 -0.025929992580360 -0.025457136664540 -0.026321179632824 -0.029152422455833 -0.035752889899461 -0.030061064125042 -0.029427400876388 -0.029361996415847 -0.029468700706720 -0.029505408695368 
-0.022131353405642 -0.023285629538641 -0.025367975200242 -0.028136477726275 -0.030673810958249 -0.030979392027504 -0.030771910050292 -0.030061064125042 -0.030061064125042 -0.030061064125042 -0.028170840382014 -0.026993437045565 -0.027079639505188 -0.028459499053550 -0.030489762055630 -0.029550130389232 -0.029170765917372 -0.029102027685298 -0.029151335432972 -0.029187677135609 
-0.019468040304083 -0.020380216003412 -0.021966485405226 -0.024004106744819 -0.026028655318962 -0.027490722847795 -0.028778392833182 -0.030061064125042 -0.040492302121560 -0.045750020350662 -0.030061064125042 -0.027879882611763 -0.027212335281921 -0.027660663968147 -0.028543796158212 -0.028763957359887 -0.028899361679864 -0.029019617619634 -0.029135468738474 -0.029192705477014 
-0.016928139549495 -0.017700859872416 -0.019018394777608 -0.020750276855520 -0.022701483226735 -0.024740451956855 -0.027074974846131 -0.030061064125042 -0.056119895143758 -0.118296282984668 -0.030061064125042 -0.027687609796994 -0.026804260601927 -0.026981726659607 -0.027716060663796 -0.028435528348484 -0.028967870490458 -0.029235196048500 -0.029449149698483 -0.029519266343003 
-0.014812177695126 -0.015515722608215 -0.016695669189855 -0.018278031148253 -0.020181315236457 -0.022395871819974 -0.025119785335858 -0.028940184079223 -0.035716391098604 -0.030400518456425 -0.027993233025689 -0.026429446677532 -0.025901479488808 -0.026313679651968 -0.027383927965871 -0.028662450097660 -0.029576006471695 -0.029714596555383 -0.030061064125042 -0.030061064125042 
-0.013326644630913 -0.014002948956559 -0.015112179269971 -0.016587364367642 -0.018359498757437 -0.020392521969302 -0.022701219063414 -0.025274064214337 -0.027656262624729 -0.026609874507669 -0.025423764232995 -0.024665155972822 -0.024673650484737 -0.025572387148694 -0.027302755773308 -0.029542121918734 -0.031106990656605 -0.030061064125042 -0.034979097101961 -0.041627212240715 
-0.012599809516777 -0.013279199804609 -0.014364458880243 -0.015758597703676 -0.017356671439451 -0.019070901906916 -0.020819608422141 -0.022444824799769 -0.023561261263690 -0.023453950858284 -0.023007579604791 -0.022805878958327 -0.023250245753886 -0.024611496695940 -0.027129422840503 -0.031232007839110 -0.061043840540768 -0.037082821376659 -0.041965600386589 -0.059841481421873 
-0.012690832173512 -0.013408437911633 -0.014528402811017 -0.015894137493080 -0.017335478179797 -0.018720391199089 -0.019958852004176 -0.020920513196625 -0.021422216375827 -0.021360462288290 -0.021116320020219 -0.021112703701056 -0.021703531650133 -0.023166323600009 -0.025779872707490 -0.030059028051020 -0.037481300710537 -0.030061064125042 -0.035981782455639 -0.041955131045891 
-0.013591927752972 -0.014401599187038 -0.015650875641947 -0.017087881287919 -0.018432739630047 -0.019507936930651 -0.020297169449479 -0.020722491015837 -0.020689655139691 -0.020309387223627 -0.019887513828103 -0.019756730971024 -0.020190055437528 -0.021369492118225 -0.023377254620876 -0.026135573869788 -0.028987171807963 -0.028447808913312 -0.030034415963669 -0.030061064125042 
-0.015220125680739 -0.016207370278532 -0.017743425524087 -0.019428110892607 -0.020764968285097 -0.021490964606010 -0.021872716258287 -0.021840037762655 -0.021177379399941 -0.020218592927632 -0.019343754467536 -0.018849785254400 -0.018931071612278 -0.019670090675684 -0.021020975760850 -0.022762706975707 -0.024385943306977 -0.025079235774198 -0.025895846293036 -0.026197193185011 
-0.017397369892206 -0.018688891748061 -0.020770392291956 -0.023036283083945 -0.024492076782810 -0.024565530494809 -0.024608597501530 -0.024355989556884 -0.022787464758561 -0.020951690205861 -0.019411005962043 -0.018419236745845 -0.018080654339541 -0.018388803439635 -0.019226642186421 -0.020363333421454 -0.021470798644965 -0.022251098039561 -0.022854364172137 -0.023149398812996 
-0.019827383581224 -0.021577833044586 -0.024601561283280 -0.028174937835275 -0.030061064125042 -0.028167478169694 -0.028183251751769 -0.028789229487199 -0.025381714700686 -0.022237224276340 -0.019898609068727 -0.018396615628743 -0.017692774854557 -0.017691097841122 -0.018217982391061 -0.019031926804682 -0.019871056683290 -0.020539593075326 -0.021018747919427 -0.021266846901441 
-0.022096580457743 -0.024392170314421 -0.028792786376949 -0.035481705877417 -0.044191264340439 -0.030061064125042 -0.031459017357062 -0.037585039222745 -0.028283263837221 -0.023486738215369 -0.020488226652743 -0.018641696217802 -0.017747867243605 -0.017646710464050 -0.018113377452125 -0.018863501517461 -0.019622452839438 -0.020188630427120 -0.020575463907698 -0.020786435680952 
-0.023772354382192 -0.026364422996673 -0.031619804602903 -0.041228358570068 -0.062205485318716 -0.038097169423460 -0.030061064125042 -0.030061064125042 -0.027118406951646 -0.023650870509063 -0.020853710115045 -0.019018319390879 -0.018190683655372 -0.018262476872540 -0.018975684771965 -0.019955566171764 -0.020853982595174 -0.021321138338401 -0.021623677239574 -0.021836069566148 
-0.024741700516485 -0.027059351648176 -0.031095329292497 -0.036105445854738 -0.039579824609818 -0.030061064125042 -0.029832685056347 -0.029179013484803 -0.026882181547120 -0.023847580560532 -0.021205905376022 -0.019504905010435 -0.018937640795740 -0.019459406301379 -0.020786261531303 -0.022355121570028 -0.023759929288308 -0.023886228930587 -0.024051706160969 -0.024392708569123 
-0.025500017484463 -0.027569777097434 -0.030701248214457 -0.033104570837882 -0.030061064125042 -0.030061064125042 -0.030061064125042 -0.030061064125042 -0.027771650715686 -0.024368197122221 -0.021607219632446 -0.020012906883297 -0.019791300207235 -0.020980430568560 -0.023378705835857 -0.025927065926621 -0.028937326331632 -0.027423006569601 -0.027343893986264 -0.028321580221717 
-0.026481504984832 -0.028652158645352 -0.032186844905579 -0.036108324818574 -0.039098608631946 -0.039618082656598 -0.048084314568568 -0.085166646512757 -0.030061064125042 -0.024973240548410 -0.021884443727092 -0.020342432516410 -0.020393555413729 -0.022229546577801 -0.026423560387220 -0.029661926523637 -0.039164198483842 -0.030061064125042 -0.030182881733304 -0.033765807672118 
-0.027622974176159 -0.029924553812589 -0.034375171609777 -0.040585442471990 -0.050721683986431 -0.041759990100962 -0.037491579251593 -0.030061064125042 -0.027674758129827 -0.024351208649262 -0.021737316757900 -0.020336088308155 -0.020361572394380 -0.021852011751229 -0.024575910432161 -0.027390181499272 -0.030061064125042 -0.029644121326604 -0.029728599530129 -0.030061064125042 
-0.028503930823934 -0.030061064125042 -0.035591308926429 -0.041425227396881 -0.052732391146035 -0.039208822738840 -0.030061064125042 -0.029020093858077 -0.026736382611029 -0.023960511673452 -0.021623263491590 -0.020270142907753 -0.020143960187790 -0.021234549532692 -0.023261742691286 -0.025629307418529 -0.027805062068492 -0.028852960716310 -0.029152090450958 -0.029274895554454 
-0.029265150561581 -0.031656719067193 -0.036911105397474 -0.046001917390404 -0.079573924554153 -0.032281948621209 -0.031249043283776 -0.029590010070371 -0.027013322516993 -0.024215995635182 -0.021876837174587 -0.020441171752160 -0.020109635357969 -0.020863663148681 -0.022494672748387 -0.024663444015695 -0.027026379154684 -0.029042156624158 -0.028961649111244 -0.028797558717848 
-0.029282756533038 -0.031284073108753 -0.034910534036879 -0.039549904026846 -0.042852025611605 -0.030061064125042 -0.033284187104960 -0.031569557285859 -0.028301701440242 -0.025153833906657 -0.022619828390701 -0.021008886756919 -0.020443504282757 -0.020891131971960 -0.022207243280707 -0.024236045729417 -0.027040953066951 -0.031538147138986 -0.029124497585181 -0.028449081136629 
-0.028906372599682 -0.030324193855975 -0.032545548752860 -0.034685917899185 -0.034983939864896 -0.030061064125042 -0.040492381706782 -0.035539594500467 -0.030061064125042 -0.026537869198210 -0.023782479196789 -0.021988343351073 -0.021188600214847 -0.021324769114163 -0.022259185907206 -0.023818014076822 -0.025811008308358 -0.027823841157297 -0.027885341637908 -0.027820451760600 
-0.028544477051075 -0.029524926380298 -0.030887014678148 -0.031968443875832 -0.032435325214327 -0.030061064125042 -0.063218799904627 -0.040229753725287 -0.032290384962688 -0.028035543305680 -0.025194884922103 -0.023310491651071 -0.022315335059750 -0.022157120222660 -0.022712388096315 -0.023804281421301 -0.025206887700774 -0.026560552413126 -0.027283314229533 -0.027649781508975 
-0.028416375902697 -0.029140653240900 -0.029983984208214 -0.030061064125042 -0.032804968538244 -0.031297263077236 -0.039969455786617 -0.030061064125042 -0.031262706459458 -0.028891573600144 -0.026690047291773 -0.024903549786978 -0.023757754380714 -0.023337008004423 -0.023572458806720 -0.024314181802175 -0.025384359426188 -0.026577237077913 -0.027647329144929 -0.028435279269615 
-0.028562655173937 -0.029225568454672 -0.030061064125042 -0.034061829582476 -0.037449634301805 -0.033989145408339 -0.035300696039565 -0.035431581628253 -0.034112373426247 -0.030061064125042 -0.028560882962371 -0.026796678942837 -0.025435521976597 -0.024764032739776 -0.024759469323866 -0.025275061011125 -0.026164824284616 -0.027375777716399 -0.028881477490572 -0.030541543959551 
-0.028877674557405 -0.029537603824289 -0.030061064125042 -0.038689785186412 -0.048953851768982 -0.061556879099543 -0.044783434776370 -0.042302648435725 -0.039765677225516 -0.030061064125042 -0.031207960468681 -0.029000537119542 -0.027203896953891 -0.026291299753010 -0.026157826074074 -0.026560657823861 -0.027275898031048 -0.028446937231505 -0.030404599960630 -0.034621315355335 
-0.029302525662087 -0.030353511318604 -0.033020769628421 -0.041712929231468 -0.058126222095770 -0.030061064125042 -0.039981916668209 -0.049239938110642 -0.082750873265307 -0.044278728544140 -0.037540217375274 -0.031306823492656 -0.028717009392447 -0.027701492467918 -0.027662668879391 -0.028132629426876 -0.028463525978780 -0.029148504766925 -0.029892031733452 -0.030061064125042 
-0.029467576839308 -0.029965156953131 -0.030061064125042 -0.037075490027786 -0.041884134073148 -0.035598246467035 -0.035851296637879 -0.037237315911671 -0.031540338801546 -0.030061064125042 -0.043532349531025 -0.030261369513615 -0.029140837826533 -0.028697135332995 -0.029197241509844 -0.030302025985902 -0.029675454773772 -0.030060369585796 -0.030061064125042 -0.030061057093806 
-0.029992508708831 -0.030388397341592 -0.030061064125042 -0.034738962646576 -0.036822307940609 -0.034646494102995 -0.030600843934773 -0.032321974284428 -0.031390326722780 -0.031638901056658 -0.033999431772777 -0.030061064125042 -0.029252908144618 -0.029218762014498 -0.030537120880847 -0.034449147336347 -0.030061064125042 -0.031477485923765 -0.032279344835105 -0.030061064125042 
-0.031127884052860 -0.032041759455042 -0.033303556532633 -0.035163998710021 -0.036155805621868 -0.035629171417334 -0.032893695927069 -0.030061064125042 -0.030061064125042 -0.031105736773726 -0.030765678377554 -0.029707215550766 -0.028944061617618 -0.028821605102494 -0.029586352697739 -0.031049734477762 -0.031170407259468 -0.033568033785858 -0.037542917492482 -0.041518941153951 
-0.032564456581279 -0.034074274633207 -0.036328853775668 -0.036720567748769 -0.037168623835691 -0.038879517821509 -0.035308799724121 -0.033608262741884 -0.030966860288439 -0.031958201108235 -0.030061064125042 -0.029288732177547 -0.028422121963410 -0.028033964927034 -0.028344955659990 -0.029208000937936 -0.030061064125042 -0.034127239635785 -0.042836459195464 -0.056974195701131 
-0.033845050283055 -0.036139352867903 -0.041538060655992 -0.038458626658942 -0.037037400899018 -0.035456542750765 -0.035881816767924 -0.038113160858464 -0.046647028767923 -0.035700537610332 -0.030897749416401 -0.029272693098729 -0.027932429473270 -0.027136053901106 -0.027069141754686 -0.027681499419012 -0.028748470060647 -0.030061064125042 -0.042718481123769 -0.086581756821016 
-0.034232755762470 -0.035781940469649 -0.038352511705241 -0.038697939090274 -0.037138056292577 -0.030061064125042 -0.034688885585950 -0.036343839577272 -0.037390939892797 -0.033302218764296 -0.030061064125042 -0.029333136509400 -0.027487738516217 -0.026200169643272 -0.025768975062929 -0.026195201051679 -0.027444754324461 -0.029740177130789 -0.034354455769818 -0.036213095893940 
-0.034471723026370 -0.035145981653074 -0.037740196885622 -0.041009257774514 -0.038936713894742 -0.036081282282558 -0.036514737672658 -0.035227720809135 -0.033290574118000 -0.030061064125042 -0.039492541760068 -0.030919704764885 -0.027148711628998 -0.025200627018884 -0.024402674913196 -0.024561146983189 -0.025573228924000 -0.027340570186639 -0.029535301087976 -0.030061064125042 
-0.035238970630828 -0.033069661586242 -0.036705198324709 -0.048808710807326 -0.041666058823884 -0.038926826032388 -0.040110850852433 -0.034828374338543 -0.030498353697721 -0.029987096896272 -0.030147276240610 -0.028175573962488 -0.025733118680645 -0.023944328988483 -0.022997797731950 -0.022907764275612 -0.023612141236991 -0.024955342733352 -0.026586404416634 -0.027744205733024 
-0.039119635717338 -0.038624517100747 -0.039961637916829 -0.042520592161400 -0.040257282930315 -0.038058452095642 -0.036559749260012 -0.033616452789735 -0.030900512017542 -0.029389797588905 -0.028235062189218 -0.026493098402996 -0.024518203131410 -0.022845408287943 -0.021772916380077 -0.021432285086837 -0.021831265780599 -0.022877481180275 -0.024443702539997 -0.026689531635544 
-0.044724564844526 -0.043072361596646 -0.042576913896824 -0.041588841515993 -0.039312766595634 -0.036966058697657 -0.034870560108787 -0.032597617674841 -0.030527734014424 -0.028925959836673 -0.027495077489072 -0.025840155003737 -0.023983174961117 -0.022249125214324 -0.020957934522568 -0.020306484117804 -0.020346627713193 -0.020988254940160 -0.022006831831476 -0.023010462942221 
-0.053136201068395 -0.047177420719045 -0.046412875657152 -0.042687041506325 -0.039178878044996 -0.036322311242086 -0.034018172534259 -0.032029943983008 -0.030363040826980 -0.029018988727143 -0.027787564195174 -0.026322142723605 -0.024388014390968 -0.022375162474595 -0.020712055827387 -0.019659723818757 -0.019298165137317 -0.019537296760214 -0.020125343723095 -0.020658262085703 
-0.068152655263110 -0.046573634690804 -0.053719780464663 -0.044325229851712 -0.039245127916440 -0.035968983955465 -0.033656626025804 -0.031934825258589 -0.030682337402715 -0.029834738114079 -0.029190545171798 -0.028215503550948 -0.025910161073386 -0.023292719327679 -0.021059198115182 -0.019512458833764 -0.018724105525597 -0.018592020801148 -0.018860759304739 -0.019160065781266 
-0.055373882064326 -0.049030036535147 -0.047162668531080 -0.042373784000213 -0.038407025877756 -0.035550038131909 -0.033551290030470 -0.032190781395611 -0.031412019249934 -0.031254583629898 -0.031714460491446 -0.032228471737526 -0.028609642875892 -0.024829735297391 -0.021829213151988 -0.019746372212964 -0.018550542654035 -0.018091714641164 -0.018097932088702 -0.018228868513797 
-0.049324038392576 -0.047379174533236 -0.044107718957315 -0.040448815580086 -0.037394040435995 -0.035146815977904 -0.033590399382713 -0.032608075731978 -0.032241054888093 -0.032725464369001 -0.034750705014324 -0.040818674747593 -0.031980985738523 -0.026359123020760 -0.022635341256904 -0.020138732713759 -0.018657723983226 -0.017994538685405 -0.017859515087640 -0.017913847977812 
-0.045745199405235 -0.047431867686166 -0.042158155511868 -0.038839005517119 -0.036495832795900 -0.034842452556102 -0.033714654724351 -0.033022977440910 -0.032796912852388 -0.033139470229020 -0.034025209185709 -0.034567472822457 -0.030766077328588 -0.026557014851586 -0.023034230027295 -0.020478476150183 -0.018928676910757 -0.018251387986860 -0.018158297047080 -0.018270545816534 
-0.041027847288204 -0.040990143041342 -0.039023459993161 -0.037196580596412 -0.035795302748553 -0.034727726508827 -0.033969227343481 -0.033479360074072 -0.033241522141292 -0.033359169509452 -0.033829995223822 -0.032843063468643 -0.030267829132834 -0.026638064864262 -0.023264942776349 -0.020760291267431 -0.019304690985268 -0.018815543451923 -0.019003158293355 -0.019392082382142 
-0.037354058536068 -0.037295720626804 -0.036695256422774 -0.036093497025213 -0.035612034895518 -0.034985959863895 -0.034490244610661 -0.034132479018583 -0.033703191108064 -0.033452385203784 -0.033365704888743 -0.032904575029354 -0.031191065338509 -0.027096160543169 -0.023493241332955 -0.020996638117536 -0.019726064671792 -0.019601523782209 -0.020370184745383 -0.021490570073688 
-0.034962691553161 -0.035155995708174 -0.035359127784881 -0.035765467354896 -0.036304074541101 -0.035717592291021 -0.035352968090938 -0.035236153417083 -0.034305477031643 -0.033622271151066 -0.033441970874868 -0.034377370704379 -0.034799890312520 -0.027762555639121 -0.023587643387915 -0.021105028190971 -0.020069494587890 -0.020390055660869 -0.022013420104237 -0.025075014952426 
-0.033606629813903 -0.034009382780337 -0.034726323473859 -0.036016587592268 -0.038565841705945 -0.036675086919610 -0.036328749698232 -0.037382869903930 -0.034905041884538 -0.033518780431462 -0.032582414070442 -0.031788769541166 -0.030168560697494 -0.026360048683859 -0.023087865616347 -0.020972025343190 -0.020190838549820 -0.020768301050491 -0.022699677047564 -0.026257727809173 
-0.032995171999952 -0.033475646643211 -0.034308921564350 -0.035490613537570 -0.036701042037961 -0.036389319529614 -0.036133791003958 -0.035973938643261 -0.034620651651247 -0.033246546371098 -0.031948296901223 -0.030498374283412 -0.028408825696799 -0.025434746252539 -0.022671506281702 -0.020812348590915 -0.020160007268374 -0.020733116127888 -0.022276288330998 -0.024066696444900 
