-0.002959150811570 -0.003052961110869 -0.003165963906082 -0.003257556213770 -0.003300332570935 -0.003323315447160 -0.003386088771230 -0.003539240463616 -0.003804346802044 -0.004173666121706 -0.004625170221078 -0.005149862523630 -0.005780046748479 -0.006565822692488 -0.007519354065088 -0.008542651537396 -0.009304045914680 -0.009120035318888 -0.008087484261267 -0.008087484261267 
-0.003255431962479 -0.003369132039974 -0.003517782049928 -0.003638227212031 -0.003667644326482 -0.003660833596311 -0.003705197740382 -0.003861482948796 -0.004149311478129 -0.004550051389444 -0.005019650620977 -0.005520710774146 -0.006100925116924 -0.006852427652136 -0.007848055847310 -0.009114356257068 -0.010454532418638 -0.010071251401162 -0.009884932870269 -0.010399431356954 
-0.003751792063350 -0.003910510776138 -0.004148097751241 -0.004357013238303 -0.004334483409717 -0.004245281220450 -0.004245694671643 -0.004409474152445 -0.004750208590323 -0.005231286189386 -0.005760511834803 -0.006192044144227 -0.006621557288125 -0.007235521611425 -0.008185171964022 -0.009803241237804 -0.013432303358056 -0.010892977807549 -0.011013462379943 -0.013237584050764 
-0.004365640432382 -0.004595247042728 -0.005008581990894 -0.005494142388644 -0.005274893776724 -0.005000056759596 -0.004929499859792 -0.005112664611524 -0.005548413297315 -0.006198461590911 -0.006931665177697 -0.007192973838158 -0.007267191979063 -0.007551192594972 -0.008044777382418 -0.008558838776595 -0.009790075199742 -0.009081674856600 -0.010066398955035 -0.011030474325876 
-0.004991979665271 -0.005282602654835 -0.005945206097648 -0.007438335635904 -0.006395941373925 -0.005769543302801 -0.005637915591387 -0.005861778313347 -0.006419575531177 -0.007347434421695 -0.008834637220795 -0.008631154144506 -0.007927648732179 -0.007841176042808 -0.007986568495730 -0.008087484261267 -0.008087484261267 -0.008087484261267 -0.009183686202563 -0.009850371041486 
-0.005552027335397 -0.005765340144533 -0.006159711189193 -0.006640704947467 -0.006451514222466 -0.006241714738224 -0.006249858760584 -0.006538236272411 -0.007136467523342 -0.008087484261267 -0.012588914042650 -0.010721698703851 -0.008087484261267 -0.008003105085975 -0.008030619490913 -0.008070269127125 -0.008082720441398 -0.008087484261267 -0.008771029426812 -0.009421406883074 
-0.006123858464039 -0.006244651726206 -0.006441348702713 -0.006648766457095 -0.006691789486776 -0.006723562016739 -0.006839056890076 -0.007135208582305 -0.007634298974144 -0.008087484261267 -0.022768658937911 -0.013635947577558 -0.009215107892565 -0.008087484261267 -0.008087484261267 -0.008087484261267 -0.008087484261267 -0.008087484261267 -0.009337476198005 -0.009728825795808 
-0.006797328371892 -0.006829548250551 -0.006887928355791 -0.007001317647957 -0.007149623519696 -0.007366758649268 -0.007506555575483 -0.007749517235229 -0.008297970614819 -0.009452912085482 -0.013627009591110 -0.011877911056658 -0.010045304995397 -0.009384575948422 -0.009690755162193 -0.010626261565610 -0.011222690741787 -0.011130839582582 -0.010814200809767 -0.010518571986739 
-0.007626823052430 -0.007543386298343 -0.007438323875268 -0.007488105442249 -0.007730755382818 -0.008317301754224 -0.008317029253255 -0.008268910230133 -0.008471561502281 -0.009105479809970 -0.010463486153082 -0.010272193367768 -0.009756628964123 -0.009748120096261 -0.010677961156886 -0.014319509546200 -0.019530857810675 -0.015120477454980 -0.012307687057669 -0.011080330393312 
-0.008643976642023 -0.008366288913865 -0.007937578277917 -0.007893038916307 -0.008087484261267 -0.010029934814811 -0.009383355903828 -0.008722873399255 -0.008329123256829 -0.008087484261267 -0.008917205759726 -0.009064370216718 -0.009021293513290 -0.009210906962817 -0.008965012105735 -0.018759056427396 -0.040556001267589 -0.019767277014976 -0.013217230044929 -0.010442027340672 
-0.010313633282102 -0.010379460307205 -0.008087484261267 -0.008087484261267 -0.009021116766436 -0.014420574592962 -0.010610503930270 -0.009039244456445 -0.008087484261267 -0.008076216294249 -0.008087484261267 -0.008087484261267 -0.008087484261267 -0.009129959362988 -0.010192126967885 -0.014499836373986 -0.020996327128928 -0.016597101121607 -0.014395692751461 -0.023488098942435 
-0.011941707444982 -0.014755024313894 -0.008087484261267 -0.008087484261267 -0.009051481879645 -0.010550150088913 -0.009694316347323 -0.008809206989264 -0.008087484261267 -0.008060941455231 -0.008063258552215 -0.008087484261267 -0.008324505389145 -0.009035917528888 -0.008175481122255 -0.008087484261267 -0.012332369882824 -0.012158183964036 -0.012774916912848 -0.014783483136488 
-0.010789415609949 -0.010756673869569 -0.008087484261267 -0.008087484261267 -0.008573367468641 -0.009092420932505 -0.008891545995735 -0.008474121996899 -0.008160779803319 -0.008064340654538 -0.008050401616028 -0.008067991184480 -0.008087484261267 -0.008087484261267 -0.008087484261267 -0.008087484261267 -0.008087484261267 -0.008694735988170 -0.009762516972896 -0.008087484261267 
-0.009719630726975 -0.009410359967728 -0.008087484261267 -0.008074402407228 -0.008087484261267 -0.008417242571606 -0.008378846970868 -0.008087484261267 -0.008078760456861 -0.008053630696773 -0.008056638478273 -0.008068690512995 -0.008080594603426 -0.008085022062182 -0.008086710832144 -0.008087484261267 -0.008087484261267 -0.008087484261267 -0.009493556236088 -0.008087484261267 
-0.009025134365356 -0.009091340239925 -0.008087484261267 -0.008051106420087 -0.008071036833612 -0.008168855344559 -0.008170219750852 -0.008089774322158 -0.008067280510315 -0.008068701171828 -0.008087484261267 -0.008087484261267 -0.008087484261267 -0.008087484261267 -0.008087484261267 -0.008137365754114 -0.008087484261267 -0.008087484261267 -0.012038688697521 -0.019160132050866 
-0.008365081784926 -0.008347884943469 -0.008087933163487 -0.008027909271535 -0.008040906904363 -0.008088217834863 -0.008110062456575 -0.008082143344000 -0.008074615167202 -0.008087484261267 -0.008602582773496 -0.010147878696700 -0.008901403746462 -0.009282771056904 -0.010170722407880 -0.008884461020913 -0.008087484261267 -0.008925346443839 -0.011419574132628 -0.014090558029794 
-0.007936296836769 -0.007995042010043 -0.008007207714629 -0.008025322514885 -0.008051247441563 -0.008087484261267 -0.008154249101540 -0.008087484261267 -0.008082769735077 -0.008087484261267 -0.008087484261267 -0.008602582870092 -0.008087484261267 -0.009971478449230 -0.014428175863227 -0.009142272697084 -0.008256919441490 -0.009321601705818 -0.010641949556100 -0.011714635477873 
-0.007766179945033 -0.007919247268412 -0.008083151695320 -0.008087484261267 -0.008087484261267 -0.008316863832377 -0.008353852343472 -0.008201486073321 -0.008087484261267 -0.009937718447779 -0.008087484261267 -0.008087484261267 -0.008087484138091 -0.008087484261267 -0.008087484261267 -0.008087484261267 -0.008087484261267 -0.009478090648932 -0.010140197699011 -0.010445067481596 
-0.007835995026984 -0.008110697598661 -0.008479050410026 -0.008632244834415 -0.008087484261267 -0.008752621967966 -0.008756193542841 -0.008282709933651 -0.008087484261267 -0.015488421007315 -0.010501249870883 -0.008874402231928 -0.008087484261267 -0.008087397052524 -0.008087418506005 -0.008087484261267 -0.009489016387298 -0.010381163913348 -0.010024248535394 -0.009512759574333 
-0.008069657895040 -0.008519049861607 -0.009273185001342 -0.010143113783720 -0.010722266159347 -0.009859815462231 -0.008696955916610 -0.008087484261267 -0.008707751435927 -0.010119047105407 -0.009580229610986 -0.008841564272491 -0.008358548368574 -0.008087484261267 -0.008087484261267 -0.009596528167727 -0.019990850838740 -0.012547325063878 -0.010082444632951 -0.008087484261267 
-0.008306477865602 -0.008946515886950 -0.010173371226753 -0.012047686260009 -0.014826068270758 -0.011281042711911 -0.008087484261267 -0.008407023901480 -0.008542612543328 -0.008982777118377 -0.008896990805322 -0.008580322891535 -0.008443001574668 -0.008213776995212 -0.008087484261267 -0.008087484261267 -0.008087484261267 -0.009742733821961 -0.009677714638333 -0.010800882975259 
-0.008341663749393 -0.009097602449123 -0.010639501724561 -0.013148914621535 -0.016099400982499 -0.012358492760446 -0.009939366957579 -0.008918177467490 -0.008087484261267 -0.008403067479671 -0.008477288482368 -0.008554685501536 -0.008655074455755 -0.008257186868646 -0.008087484261267 -0.008130236773394 -0.008240825118979 -0.008663005739909 -0.008087484261267 -0.008087484261267 
-0.008025624253154 -0.008739059539711 -0.010316100505822 -0.013899434499764 -0.024087942528367 -0.012123785726171 -0.010399226203608 -0.009242940168156 -0.008552896872430 -0.008087484261267 -0.008087484261267 -0.008549138659787 -0.009394587740880 -0.008087484261267 -0.008087484261267 -0.008121524191647 -0.008087484261267 -0.008583753998786 -0.008087484261267 -0.008087484261267 
-0.007360147575671 -0.007742899830004 -0.008087484261267 -0.008087484261267 -0.011251723515758 -0.010677492383405 -0.010294424642657 -0.009104535758562 -0.008794478315193 -0.008087484261267 -0.008031166980398 -0.008205965972166 -0.008439499283943 -0.008180181064796 -0.008137774588645 -0.008211494280798 -0.008468162154949 -0.009497822640298 -0.008905642779119 -0.009117580684834 
-0.006651839672561 -0.006966111873979 -0.007402488218447 -0.007891110951514 -0.008715847782227 -0.010691953400552 -0.010997988898456 -0.008087484261267 -0.008149207634510 -0.007904886212242 -0.007824119428147 -0.007912445012483 -0.008081702595493 -0.008153075199073 -0.008157617317766 -0.008174052924244 -0.008087484261267 -0.008326179340936 -0.008919739090327 -0.010359692858703 
-0.005995802785411 -0.006308887157697 -0.006807680110514 -0.007426683358739 -0.008087484261267 -0.012383385179653 -0.021153686763075 -0.008087484261267 -0.007861568491029 -0.007652402168827 -0.007582802219772 -0.007691546501446 -0.007966860721412 -0.008316124415507 -0.008271657925222 -0.008299490793391 -0.008087484261267 -0.008087484261267 -0.008087484261267 -0.013041818004558 
-0.005438144392224 -0.005764791942274 -0.006310507567672 -0.007041468578432 -0.008008916451855 -0.009624979540863 -0.010051808135222 -0.008087484261267 -0.007640641568449 -0.007395728351044 -0.007331163927140 -0.007477080124347 -0.007921857012846 -0.008963680828099 -0.008418542643986 -0.008731348242098 -0.010232172943187 -0.008178749590208 -0.008111500486890 -0.008541422925227 
-0.005013657740523 -0.005352308886785 -0.005912292486731 -0.006624862762186 -0.007407692216603 -0.008120762559359 -0.008087484261267 -0.007670981214286 -0.007332329193976 -0.007122933976244 -0.007057130187025 -0.007145965049792 -0.007405596144307 -0.007784737903968 -0.007824560929390 -0.008065882758967 -0.008485865751282 -0.008122966964029 -0.008099626108692 -0.008087484261267 
-0.004751256767937 -0.005109078662355 -0.005693831126979 -0.006400845745446 -0.007065175971633 -0.007471153519509 -0.007493272889159 -0.007280647131698 -0.007050248139258 -0.006893047659555 -0.006830662330696 -0.006851878895656 -0.006965283203668 -0.007123740142994 -0.007219532035797 -0.007389459295337 -0.007636526107736 -0.007788993619751 -0.008087484261267 -0.009751983011974 
-0.004656411849654 -0.005051418891412 -0.005709811118107 -0.006511168893584 -0.007209117265812 -0.007382981645173 -0.007284713114502 -0.007075808985489 -0.006880119286748 -0.006759225598036 -0.006713690990317 -0.006682690927415 -0.006713862900368 -0.006768725779739 -0.006789815796278 -0.006865556416318 -0.007058057068537 -0.007402314755357 -0.008087484261267 -0.013080982931008 
-0.004695570862637 -0.005143626069474 -0.005936136352451 -0.007006984397883 -0.008087484261267 -0.007750966679346 -0.007371191627152 -0.007050997725895 -0.006825833106126 -0.006716537826066 -0.006714509635617 -0.006649562085579 -0.006677003505152 -0.006709178928992 -0.006583036771387 -0.006494445525724 -0.006552686525944 -0.006809020517519 -0.007316695520582 -0.008087484261267 
-0.004800010768423 -0.005286927389872 -0.006209509907983 -0.007720241342709 -0.010536972413894 -0.008280805968590 -0.007564606089431 -0.007120792719217 -0.006837991961205 -0.006691552221164 -0.006658132783620 -0.006694475999618 -0.006851223829215 -0.007045238203486 -0.006611856871088 -0.006265877543462 -0.006121418186386 -0.006181240578374 -0.006408378730419 -0.006684540381324 
-0.004904155880583 -0.005364051041584 -0.006184386449315 -0.007292836304298 -0.008414566930607 -0.008082941732289 -0.007620878713337 -0.007209110225201 -0.006905819236312 -0.006732470494189 -0.006693461961469 -0.006801324466539 -0.007165471352027 -0.008165181293148 -0.006793852809797 -0.006127687205276 -0.005795431020679 -0.005682879958525 -0.005713739159723 -0.005789370516212 
-0.005007864386251 -0.005428578493241 -0.006147068594511 -0.007038733916807 -0.007849503230801 -0.008087484261267 -0.007756477072750 -0.007359189225708 -0.007039301861358 -0.006843424236014 -0.006781406898720 -0.006835347792888 -0.006967609380883 -0.007060832191597 -0.006478105773040 -0.005943167885159 -0.005581160550949 -0.005390588517295 -0.005324038668166 -0.005314270148862 
-0.005128116366679 -0.005524823558352 -0.006197797449294 -0.007046478216448 -0.007949671499435 -0.008884386878294 -0.008060690608941 -0.007581431521309 -0.007235249749564 -0.007028305415873 -0.006963029371918 -0.006984948062863 -0.006975205359345 -0.006793323009525 -0.006340051343912 -0.005874172876303 -0.005531803327768 -0.005341103986213 -0.005259744219250 -0.005217171629659 
-0.005274194498302 -0.005659281606052 -0.006314528465574 -0.007154235160546 -0.008087484261267 -0.011484877516310 -0.008087484261267 -0.007786908200430 -0.007457719824359 -0.007266166223145 -0.007255234921354 -0.007348142591542 -0.007320058601800 -0.006979656730169 -0.006443060454082 -0.005959848579218 -0.005649601274687 -0.005528146676791 -0.005517939369546 -0.005447720574284 
-0.005450933053816 -0.005828331179485 -0.006469875907292 -0.007281933330584 -0.008100167614710 -0.011429215525935 -0.009442986537695 -0.008087484261267 -0.007680908870344 -0.007493788530981 -0.007609972475618 -0.007972219718525 -0.008087484261267 -0.007523616701962 -0.006704569802815 -0.006125154022962 -0.005856823689962 -0.005891881458925 -0.006125927955409 -0.005910236768651 
-0.005665405413157 -0.006035505825181 -0.006673061311350 -0.007512267792206 -0.008425041948125 -0.017159904564643 -0.010167762799861 -0.008575178628872 -0.007805702321445 -0.007562440844442 -0.007840797682265 -0.008919877418810 -0.012103580885758 -0.008451219947537 -0.006915073999980 -0.006197905405401 -0.005982248492800 -0.006255921101804 -0.007348632326744 -0.006358880471201 
-0.005924495977414 -0.006277461232833 -0.006896192487447 -0.007786541295701 -0.009138875132928 -0.011629521533366 -0.009689433048108 -0.008331753058508 -0.007541611124154 -0.007236954683122 -0.007350971964594 -0.007829751795031 -0.008485575324109 -0.007394309076181 -0.006484344653437 -0.005957823493105 -0.005783201948651 -0.005899124626170 -0.006142748562748 -0.005931163578334 
-0.006235125346951 -0.006549097903301 -0.007073181151706 -0.007750046975240 -0.008794223737374 -0.010555574026029 -0.008810309941211 -0.007666019953009 -0.006961781353566 -0.006623054967411 -0.006567809233002 -0.006679014150487 -0.006747649077364 -0.006322024318586 -0.005851969310688 -0.005537759025110 -0.005425549281867 -0.005485759609465 -0.005472130005853 -0.005400547793919 
-0.006604848078501 -0.006878549149627 -0.007303047502827 -0.007509468529943 -0.007836001419342 -0.008140032769388 -0.007481233329723 -0.006772804532204 -0.006245891771384 -0.005936062533053 -0.005801779066723 -0.005759622192093 -0.005696235450249 -0.005490078254384 -0.005253630457338 -0.005080218639614 -0.004999427773971 -0.004984137757171 -0.004954318494553 -0.004918398686256 
-0.007017660665851 -0.007268300710123 -0.007889045744806 -0.007319856772013 -0.007082838846728 -0.006880782417493 -0.006441534525931 -0.005970637374107 -0.005593388808557 -0.005341328062463 -0.005192460511955 -0.005098914003323 -0.005013731343489 -0.004901864512731 -0.004789388846460 -0.004703910615709 -0.004649594819655 -0.004613276268297 -0.004572769443782 -0.004541561628550 
-0.007429259986725 -0.007422717255982 -0.007405282211923 -0.006973519199544 -0.006528266046626 -0.006126066635687 -0.005729114104026 -0.005384594922022 -0.005122828937594 -0.004935736897629 -0.004801176053692 -0.004685706740080 -0.004594903143423 -0.004530606154373 -0.004493616485290 -0.004471481857425 -0.004437908759363 -0.004391512406146 -0.004330978055238 -0.004288203539664 
-0.008049187074337 -0.007735993689888 -0.007489880789286 -0.006860510544717 -0.006203747519687 -0.005671697688909 -0.005284833555752 -0.005034633576057 -0.004881767371596 -0.004761234284306 -0.004653957515419 -0.004495124251995 -0.004378376328373 -0.004338121113610 -0.004365363042946 -0.004412341713822 -0.004387958497545 -0.004328731138656 -0.004223571345032 -0.004151186892697 
-0.009113390582198 -0.008087484261267 -0.008129812589750 -0.007017314140187 -0.006048135416161 -0.005391079243039 -0.005023748343886 -0.004888357809613 -0.004879666767501 -0.004816195390378 -0.004777470388572 -0.004478218867725 -0.004291277606868 -0.004263088228621 -0.004374719322966 -0.004556506999069 -0.004496981498980 -0.004438146387103 -0.004230802290183 -0.004103553737184 
-0.011240564858654 -0.017336299239593 -0.010083165828988 -0.007279367437470 -0.005881239257058 -0.005138456994269 -0.004833486167023 -0.004877557643410 -0.005142082898623 -0.005018692842118 -0.005293604788963 -0.004517146390135 -0.004221175962895 -0.004206245720004 -0.004435435316361 -0.005019265322776 -0.004688510256182 -0.004779481315221 -0.004298014408017 -0.004097208036750 
-0.008176717851175 -0.008462818732561 -0.007753437006075 -0.006395554217181 -0.005367475660599 -0.004763553246487 -0.004577150656958 -0.004858587057076 -0.005907953740637 -0.004912753443896 -0.004582425343426 -0.004207131555076 -0.004025054447831 -0.004043896432364 -0.004227795477038 -0.004490284876263 -0.004499994473113 -0.004456653753432 -0.004225912561694 -0.004073352452297 
-0.006905675888205 -0.006800252892827 -0.006272988769975 -0.005468288648572 -0.004756370722198 -0.004296184911667 -0.004131853559997 -0.004244941467314 -0.004505020374362 -0.004252312987197 -0.004038221712709 -0.003856734875136 -0.003789665761675 -0.003862506692389 -0.004053643233345 -0.004292349044837 -0.004443539785490 -0.004430140370561 -0.004247008622972 -0.004103957288748 
-0.005927456676016 -0.005757982701492 -0.005340705092828 -0.004776709522587 -0.004250401561386 -0.003884516527825 -0.003721992900180 -0.003731299286477 -0.003798647867370 -0.003731230612064 -0.003639657030705 -0.003575950361169 -0.003594452910529 -0.003723333675082 -0.003959168945035 -0.004271837980042 -0.004620423602818 -0.004690442892368 -0.004409353900045 -0.004210089775415 
-0.005413860109139 -0.005245106852415 -0.004881881682158 -0.004414057207072 -0.003970319016382 -0.003649084139476 -0.003487810367694 -0.003458513556696 -0.003479683187696 -0.003462930126772 -0.003430130313742 -0.003423089089036 -0.003486651036384 -0.003649875622515 -0.003919552033533 -0.004287252085069 -0.004752977915607 -0.005378388459208 -0.004656905636765 -0.004330917471919 
