-0.010221774927943 -0.010828192662606 -0.011757755796643 -0.012872271833510 -0.014013516627393 -0.015089316594517 -0.016200588206911 -0.017424025452524 -0.018697201440741 -0.019859455797943 -0.020769883863907 -0.021138491687802 -0.020574861223819 -0.019283437884599 -0.017231061183011 -0.014228525645129 -0.010988140330892 -0.008160369214104 -0.006128130773455 -0.005075841032422 
-0.011271152811678 -0.011968530039304 -0.013068794738190 -0.014396524725965 -0.015707238026600 -0.016772116279713 -0.017884861302125 -0.019221765085566 -0.020680142220902 -0.021989254221802 -0.023179014717634 -0.023917963485293 -0.023126647240117 -0.021812501330861 -0.019869814026730 -0.016089282103145 -0.012130965590428 -0.008852416385981 -0.006581444282654 -0.005429256631579 
-0.013028829963544 -0.013899928321341 -0.015344023848052 -0.017145950720110 -0.018895627097713 -0.019721523277800 -0.020709327330612 -0.022276495809310 -0.024174813115802 -0.025573137112182 -0.027328665135846 -0.029474648242669 -0.027455980082898 -0.026194726526931 -0.025521344930701 -0.019335018413339 -0.013818268176912 -0.009753505348442 -0.007115870086409 -0.005819879474797 
-0.015223121682336 -0.016329806236123 -0.018280535633577 -0.020935227821197 -0.023994053673663 -0.023572046223019 -0.024055704627991 -0.026069389797118 -0.029157090230411 -0.029720462881381 -0.031898502480840 -0.039884928490195 -0.031836845950124 -0.030783233196352 -0.037379125120744 -0.022853748700629 -0.015134290110684 -0.010368620753273 -0.007469887683945 -0.006080319692583 
-0.017454243363958 -0.018793603080578 -0.021267356432394 -0.024986685813623 -0.033144438871705 -0.027278080406463 -0.026683636791097 -0.029500458641594 -0.037165858262660 -0.032704291003999 -0.030909584517912 -0.030909584517912 -0.029616770360384 -0.028078674898038 -0.026896123397099 -0.020288473608146 -0.014462050301531 -0.010194998392273 -0.007441254731945 -0.006094020813980 
-0.019275559045929 -0.020747636846039 -0.023397841573382 -0.024898645476042 -0.027132132913721 -0.026241651557734 -0.026498689069345 -0.028487603741664 -0.031789030845892 -0.033114238414388 -0.030945800810124 -0.029778574213689 -0.027940725914335 -0.025430500956379 -0.022339055022506 -0.017694538286453 -0.013170561042325 -0.009558450877884 -0.007111780750816 -0.005886881783417 
-0.020351253910362 -0.021889610352328 -0.025363486363545 -0.024359676371137 -0.024631856089433 -0.024610628603821 -0.025163962236556 -0.026614105419826 -0.028602542172115 -0.029956948964768 -0.030064505785913 -0.029465261702058 -0.027239111773774 -0.023826705324082 -0.019957100134595 -0.015784543525049 -0.011918087590834 -0.008801835953963 -0.006656912546869 -0.005571294039060 
-0.020520239926188 -0.021424327417539 -0.022749941532999 -0.022887756231369 -0.022929905350469 -0.023028769709830 -0.023574117910836 -0.024748733108020 -0.026426549571659 -0.028260687862186 -0.030017576290866 -0.030909584517912 -0.028007214723734 -0.023168319428141 -0.018558320123321 -0.014415044938421 -0.010886066666560 -0.008124051995622 -0.006236390586426 -0.005281147061199 
-0.020400645204727 -0.020958337248542 -0.021658660886135 -0.021920931520461 -0.021734028696223 -0.021679856106866 -0.022060353716140 -0.023011429680466 -0.024573419714236 -0.026924311934216 -0.030909584517912 -0.063784818110092 -0.030909584517912 -0.022775993384813 -0.017413439732793 -0.013314653673498 -0.010079716062917 -0.007631306479831 -0.005979040041182 -0.005146002179661 
-0.020308269885920 -0.020774488029193 -0.021345174917334 -0.021715215956173 -0.020943861648194 -0.020584777747041 -0.020712966023067 -0.021351354577295 -0.022487670234902 -0.024282440877472 -0.027018482492749 -0.030909584517912 -0.025496312512766 -0.020150714735891 -0.015782302561383 -0.012277367549140 -0.009505804702562 -0.007416044446225 -0.006006480725094 -0.005294736379620 
-0.020285713211303 -0.020866092849586 -0.021465989966137 -0.021065072536291 -0.020215318061792 -0.019657087877044 -0.019576969200396 -0.019900830792508 -0.020387434469950 -0.021211271557658 -0.022274717311152 -0.022847579880760 -0.020465111513283 -0.017250068037562 -0.014162113010789 -0.011490427252401 -0.009301468909754 -0.007615116672049 -0.006458029262527 -0.005866702519544 
-0.020185252560844 -0.021304089865434 -0.022880438969371 -0.021184181744684 -0.019676479466622 -0.018850444269375 -0.018683379035021 -0.018939075589477 -0.018649628370041 -0.018601334645808 -0.018679088065135 -0.018385714688488 -0.017026609874085 -0.015107847249341 -0.013104725156152 -0.011261504087103 -0.009678724331594 -0.008405273622221 -0.007493784673476 -0.007013537923220 
-0.019457162739673 -0.021618672430370 -0.027789056071521 -0.021454529550938 -0.018902959294242 -0.017889797888172 -0.017863036701964 -0.018964292800331 -0.017364315661162 -0.016700398278626 -0.016350109601041 -0.015919029905844 -0.015126739592446 -0.014074032939113 -0.012941758417253 -0.011849639020553 -0.010852610004853 -0.009978030430790 -0.009282615427938 -0.008888029513852 
-0.017105616783803 -0.018236412088254 -0.019844515029365 -0.018280036740975 -0.017006067192789 -0.016365344863321 -0.016239005973097 -0.016368708376806 -0.015836068896302 -0.015419469755696 -0.015146351349291 -0.014900957941399 -0.014584849516902 -0.014207334445166 -0.013811222482122 -0.013416494852402 -0.013006284613911 -0.012527704485383 -0.011986690946192 -0.011620231114115 
-0.014338153856522 -0.014920672694466 -0.015537826136418 -0.015294879042823 -0.014952495919531 -0.014811474998782 -0.014886768739393 -0.015050456770303 -0.015050319072887 -0.015032785919261 -0.015044475394150 -0.015103180979979 -0.015223065151739 -0.015420234784904 -0.015692344336046 -0.016010010562224 -0.016284563703960 -0.016278483515850 -0.015747450263521 -0.015273059874078 
-0.011934454459441 -0.012346607082454 -0.012816751183384 -0.013093690994061 -0.013343075034142 -0.013694693017144 -0.014178380259642 -0.014743942259549 -0.015276184239398 -0.015720506064543 -0.016045216192014 -0.016371710182291 -0.016830471171296 -0.017495519836585 -0.018390883247640 -0.019522494163307 -0.020792765221993 -0.021623033525176 -0.020663103931987 -0.019749634484721 
-0.010311127057746 -0.010722179400505 -0.011268931091359 -0.011865841719287 -0.012542717397636 -0.013354566827456 -0.014341145785212 -0.015486459812986 -0.016666743860134 -0.017639121644777 -0.018146578341843 -0.018539588482427 -0.019128294861225 -0.020077575272906 -0.021498414543701 -0.023573222818914 -0.026508004202278 -0.029668232970354 -0.026671577488719 -0.024590091583872 
-0.009694379235734 -0.010177936619599 -0.010882807987563 -0.011758204214133 -0.012787069855537 -0.014001157515083 -0.015494500074328 -0.017322778553686 -0.019357897962870 -0.021067012342670 -0.021349935744670 -0.021394488278956 -0.021783398769898 -0.022728889994472 -0.024399064168318 -0.027229285578083 -0.032506684770785 -0.044457930498745 -0.032779144961267 -0.028589002413594 
-0.010185317429470 -0.010787346715662 -0.011714394303860 -0.012891658615485 -0.014229882420124 -0.015717822141415 -0.017594640324631 -0.020121405500472 -0.023393734005149 -0.026793285007047 -0.025595294576645 -0.024613903219247 -0.024449423279920 -0.025080451873382 -0.026480750604699 -0.028742401431808 -0.032042070936102 -0.036197981288878 -0.032318084625911 -0.029645020007584 
-0.011771695523277 -0.012539258417525 -0.013780181493738 -0.015358250705191 -0.017006500206459 -0.018483236309015 -0.020373216739904 -0.023300217352068 -0.028133901842561 -0.037640517309043 -0.030174711524654 -0.027541263329679 -0.026763986771495 -0.027017903217784 -0.027995523105691 -0.029462335952842 -0.030909584517912 -0.036332596022009 -0.031679225882531 -0.029407700347209 
-0.014322299699293 -0.015302253767343 -0.016991750639523 -0.019224534116652 -0.021396285028519 -0.022231287829034 -0.023397477329777 -0.025592232610459 -0.028755118677358 -0.030909584517912 -0.030207179934659 -0.028972949047715 -0.028397761452485 -0.028544219064632 -0.029295981649522 -0.030403548997649 -0.030879969551575 -0.031666995102567 -0.029861549214877 -0.028495334593783 
-0.017581437113448 -0.018774048878638 -0.021029687516597 -0.024442794914305 -0.028325436938145 -0.026825172014601 -0.026537989286132 -0.027843025500395 -0.030873774919127 -0.036703931645849 -0.030909584517912 -0.029985716030435 -0.029578915070052 -0.029732901881239 -0.030516707664541 -0.032309478585463 -0.031036273261302 -0.030536983046050 -0.029144566673281 -0.028081665332436 
-0.021203800953305 -0.022447785491641 -0.025054972226406 -0.030134085508778 -0.041322272704805 -0.030909584517912 -0.028985092510195 -0.029178946390344 -0.030644375740174 -0.032360187793120 -0.031312473452622 -0.030626588512805 -0.030376688284199 -0.030469355317341 -0.030909584517912 -0.037562164811535 -0.030909584517912 -0.031437589571140 -0.029802952124256 -0.028608443034362 
-0.024907511445975 -0.025792760873065 -0.027462502287153 -0.030218274009166 -0.033318139907079 -0.030909584517912 -0.029928104178788 -0.029915385509803 -0.030600371483988 -0.030909584517912 -0.031432583690531 -0.030909584517912 -0.030909584517912 -0.030909584517912 -0.056227109668981 -0.056169315170056 -0.041960442788717 -0.035561483158056 -0.031649267875699 -0.029851638630838 
-0.028725874583546 -0.029098253783843 -0.029377495123449 -0.030317672304422 -0.030909584517912 -0.030738867322411 -0.030362542857974 -0.030461226245873 -0.031222430036087 -0.033088707634006 -0.032616864916874 -0.032859968082976 -0.034477888472842 -0.039310653971774 -0.051303586153259 -0.064105214524453 -0.045599066226852 -0.038107340134661 -0.032697997615741 -0.030855548348657 
-0.032769984165426 -0.032867123298531 -0.030909584517912 -0.030909584517912 -0.032421506971274 -0.030909584517912 -0.030647455700972 -0.030674393962716 -0.030909584517912 -0.037651629070295 -0.033923895705848 -0.033458345232798 -0.034848363122433 -0.040558898010858 -0.045578603704085 -0.048375879040707 -0.038482851398152 -0.039116939178670 -0.030909584517912 -0.030919969912821 
-0.036926154433242 -0.030909584517912 -0.030909584517912 -0.030909584517912 -0.040866186957764 -0.030909584517912 -0.030804743491579 -0.030812664750789 -0.030909584517912 -0.033233471346463 -0.031982775010282 -0.032228525471812 -0.030909584517912 -0.030909584517912 -0.042091693090611 -0.048447598881486 -0.081373933276397 -0.049069955258919 -0.037724460050322 -0.031566767918835 
-0.047168138196493 -0.040681545603203 -0.039388790254985 -0.037541012023291 -0.043701992839562 -0.030909584517912 -0.030909584517912 -0.030909584517912 -0.030909584517912 -0.032389902618074 -0.030909584517912 -0.032589526783415 -0.033717894859922 -0.036384613251358 -0.043475083024012 -0.053228859536855 -0.073806274510507 -0.051695261382217 -0.039402341006735 -0.030927164617982 
-0.064642197401336 -0.073335361895655 -0.048423018875535 -0.048218606299146 -0.065491213784844 -0.041189347402418 -0.037447226987542 -0.037286055795096 -0.043647542641708 -0.034506973863947 -0.032850871688431 -0.033556810008047 -0.035057042880161 -0.037524152371816 -0.042311717919602 -0.047285503833615 -0.051813753715915 -0.044651729585179 -0.037370180312152 -0.030914579817958 
-0.073423179970284 -0.102528046920431 -0.052232458312423 -0.041419206438383 -0.128854987711411 -0.030909584517912 -0.040404531920190 -0.037141478667646 -0.030909584517912 -0.032349849205163 -0.032468341091560 -0.033794635983419 -0.035502535746361 -0.036431048883690 -0.041117471194348 -0.041993262499345 -0.041734814969053 -0.037947698072190 -0.034645506704425 -0.030909584517912 
-0.053099359782169 -0.054308920377452 -0.042030031075077 -0.046262977316161 -0.057820924404050 -0.047369691910216 -0.048750061179533 -0.039969816351200 -0.030909584517912 -0.031549628636533 -0.030909584517912 -0.033696837398852 -0.036751898602087 -0.069683003522204 -0.043834647934342 -0.038011054883164 -0.035376614673159 -0.030909584517912 -0.032455509033395 -0.030927064020145 
-0.042544005221064 -0.038926127339753 -0.040842180601405 -0.043782578832262 -0.048524033195120 -0.052002239647620 -0.067260618344525 -0.043087859373623 -0.034234512791160 -0.032095616410247 -0.031781624293599 -0.033363761948359 -0.037111694332033 -0.044863447154424 -0.037628598144265 -0.030909584517912 -0.030909584517912 -0.034662962092708 -0.033383913037352 -0.031067785751213 
-0.036668282434423 -0.033334420037302 -0.038631699935606 -0.039502941292961 -0.040947789389073 -0.044862277957666 -0.045250399248978 -0.030909584517912 -0.030909584517912 -0.030999860147320 -0.030911445825870 -0.030909584517912 -0.033490696469806 -0.035041867597653 -0.030909584517912 -0.034466103505645 -0.078549990169151 -0.043463213984219 -0.035372688834075 -0.030909584517912 
-0.034127281217578 -0.034804986296898 -0.040849308700462 -0.034652947269877 -0.030909584517912 -0.041271393894236 -0.038037662953549 -0.032868860136649 -0.031095353889527 -0.030425827980966 -0.030230937934690 -0.030407671592469 -0.030909584517912 -0.030909584517912 -0.033687595948329 -0.033493041793775 -0.030909584517912 -0.034961768375482 -0.033745881065006 -0.030909584517912 
-0.030909584517912 -0.030909584517912 -0.055308211810073 -0.034770733016747 -0.032352438021349 -0.030909584517912 -0.032979161779299 -0.031811344076415 -0.030693580452457 -0.029991088580201 -0.029718124208297 -0.029885645135088 -0.030502602540231 -0.031580700455412 -0.039449832533615 -0.034945736030612 -0.033958553830891 -0.037069695969073 -0.033749340498558 -0.030909584517912 
-0.030909583724203 -0.030909584517912 -0.037985507372996 -0.034821527017961 -0.032826542702882 -0.030909584517912 -0.031451677078299 -0.031237346515355 -0.030557076368211 -0.029898945810463 -0.029494324357810 -0.029471644795092 -0.029937387824382 -0.031069514583717 -0.033442667135851 -0.032993667740610 -0.032965221016201 -0.034079754638633 -0.033289145288293 -0.031021992927696 
-0.030909584517912 -0.030909584517733 -0.030909584517912 -0.033723515754636 -0.033239805580607 -0.030909584517912 -0.030909584517912 -0.031601166667734 -0.030909584517912 -0.030246158576275 -0.029635338460481 -0.029256360792730 -0.029261646516583 -0.029734457451168 -0.030587275137927 -0.030850569037808 -0.030909584517912 -0.033067478047701 -0.034337321556246 -0.031132724645740 
-0.033389217972974 -0.030909584517912 -0.030909584517912 -0.035959349868346 -0.035532325756970 -0.030909584517912 -0.033189606405893 -0.033586546591729 -0.033010369901759 -0.030909584517912 -0.030118088452269 -0.029318016479595 -0.028776041138333 -0.028618532536164 -0.028821507417459 -0.029226772107282 -0.030225885022523 -0.033069272839254 -0.039886578997882 -0.030934503043840 
-0.038352514326633 -0.038203430158417 -0.040911276319314 -0.043732067474967 -0.042080391958757 -0.038911849587918 -0.037577041871456 -0.036847639347147 -0.036803164159452 -0.036774207288136 -0.030909584517912 -0.029659894015846 -0.028564447020890 -0.027829523033161 -0.027497204231439 -0.027547713506574 -0.028106819575555 -0.029390750271389 -0.030955441578275 -0.028957737060981 
-0.043469417748986 -0.048390837833890 -0.050842850546178 -0.056061520584068 -0.050235720292681 -0.045487057914189 -0.041642007294773 -0.039751262104393 -0.040795771393855 -0.048521449112539 -0.032382878987247 -0.030259276954430 -0.028617964053372 -0.027368053778726 -0.026539033057183 -0.026079007191455 -0.025946389899022 -0.026096452789138 -0.026229634150238 -0.025639590399050 
-0.043667409080135 -0.070924163203281 -0.058041929428030 -0.079497186167107 -0.057414752448611 -0.051342834664364 -0.044046742312138 -0.040034461956339 -0.038302494979097 -0.037149823811109 -0.030909584517912 -0.030719801619295 -0.028885875404080 -0.027252795413790 -0.026048472134360 -0.025150608428421 -0.024415270569614 -0.023804454565126 -0.023288808051658 -0.022842833273730 
-0.030909584517912 -0.137704008132104 -0.030909584517912 -0.051867801546808 -0.051024613328115 -0.058545042170749 -0.043411364253823 -0.038342434946016 -0.035452410255460 -0.030909584517912 -0.069903275330682 -0.033071076910270 -0.029552330840324 -0.027525261241695 -0.026171525580102 -0.025052574228242 -0.023854156518347 -0.022651284939748 -0.021649303979607 -0.021049752963839 
-0.030909584517912 -0.050865567970219 -0.043232748561331 -0.046140155820927 -0.045833516331986 -0.044196638309758 -0.032867978396343 -0.034797196614301 -0.034521174991260 -0.035228012123110 -0.042504755136396 -0.030909584517912 -0.029346409971372 -0.027999128842601 -0.027036651794614 -0.026106012407827 -0.024512939517673 -0.022699750420679 -0.021187828622910 -0.020337256134234 
-0.042953428883401 -0.047440300631970 -0.045232184189018 -0.043935323652800 -0.042298423252716 -0.039794180807181 -0.035266717527575 -0.033894306166159 -0.033069066949408 -0.033403606161647 -0.034467060055296 -0.030909584517912 -0.029639765468074 -0.028993291440739 -0.028797180240145 -0.028867663092993 -0.026636939421854 -0.023933163885417 -0.021769938509921 -0.020599207783439 
-0.050676141173891 -0.050929929244794 -0.046659360041214 -0.042511898941027 -0.040173579312918 -0.037997632433483 -0.035087136901811 -0.033010341243753 -0.030909584517912 -0.031556373830196 -0.031656165246426 -0.030628433241441 -0.030143447024102 -0.030348182120965 -0.030909584517912 -0.034776587711502 -0.030401007148388 -0.026122571153963 -0.023131429482957 -0.021608625678350 
-0.058298613938382 -0.059162565916025 -0.048255012122425 -0.039629628078619 -0.038455864480670 -0.037624876525934 -0.034761876552460 -0.032612568653052 -0.030909584517912 -0.030909584517912 -0.030897240425612 -0.030758070698444 -0.030878392614099 -0.031882037271949 -0.035751390301173 -0.049401894427802 -0.035086720797986 -0.028495672370314 -0.024842139191200 -0.023091114998763 
-0.069324412826850 -0.079269443656296 -0.047651754482728 -0.030909584517912 -0.036813312765569 -0.039870920248368 -0.034345310017735 -0.032199347052628 -0.031266445997906 -0.031328003553241 -0.030909584517912 -0.031534584910968 -0.031504611702413 -0.030909584517912 -0.030909584517912 -0.036441436596347 -0.032954569535852 -0.029379881768979 -0.026510265475147 -0.024893094680661 
-0.083888545502778 -0.140960748810249 -0.045985144891283 -0.030909584517912 -0.038253008334344 -0.051016072966268 -0.030909584517912 -0.030909584517912 -0.030909584517912 -0.032532375894072 -0.033839205561105 -0.033535812143566 -0.033102798832409 -0.030909584517912 -0.031612206253098 -0.032918892941817 -0.031782669539794 -0.030959060612825 -0.028787688398939 -0.027174511400591 
-0.054573076024420 -0.036967919891676 -0.030909584517912 -0.030909584517912 -0.034331853111252 -0.037292350864738 -0.032982436368690 -0.032024770427728 -0.032426962830310 -0.034378792988635 -0.038621769665499 -0.036034076412304 -0.036650511323569 -0.033057115292343 -0.031917624839632 -0.032232356465157 -0.030909584517912 -0.035068036492320 -0.032220656513126 -0.029758876536322 
-0.042862765579578 -0.031447177142581 -0.030909584517912 -0.030909584514535 -0.030909584517912 -0.030909584517912 -0.031903264544183 -0.032086001618056 -0.032754075327530 -0.034237489318836 -0.036022451244503 -0.035511916561887 -0.034685708302130 -0.032860713688599 -0.030909584517912 -0.033345375161000 -0.037023986426193 -0.046876203157000 -0.036528810618769 -0.031073456780638 
