-0.000268798455971 -0.000317134221026 -0.000402685162731 -0.000520681636656 -0.000663151030677 -0.000819602940198 -0.000979141140305 -0.001131343644202 -0.001275143502068 -0.001405222583634 -0.001509951990654 -0.001572644032521 -0.001576813837736 -0.001518440708048 -0.001404707566145 -0.001256343260569 -0.001094772076807 -0.000940663839239 -0.000820719291253 -0.000755607652951 
-0.000293211883943 -0.000343813006312 -0.000433748808657 -0.000558044209856 -0.000707831496344 -0.000871411578274 -0.001039393801917 -0.001197346671772 -0.001350274884051 -0.001492446609946 -0.001611325123322 -0.001686401069576 -0.001690473720376 -0.001622037149276 -0.001487143187425 -0.001319339346951 -0.001143676657656 -0.000978504722007 -0.000852271679016 -0.000784543475613 
-0.000331590771191 -0.000385827526284 -0.000483139951272 -0.000618680771704 -0.000781625249227 -0.000954793108543 -0.001138358914328 -0.001307914489545 -0.001481304932310 -0.001648925558183 -0.001800175347928 -0.001911065060314 -0.001912698998114 -0.001825076929527 -0.001635359523845 -0.001422226257628 -0.001215959440262 -0.001030674670677 -0.000893523113643 -0.000821171387102 
-0.000381780200376 -0.000439557934836 -0.000544867631977 -0.000694969408244 -0.000877958998676 -0.001049365916375 -0.001240996456142 -0.001444545794418 -0.001654781585007 -0.001858234875403 -0.002062566390387 -0.002273538997228 -0.002248342610402 -0.002149046271842 -0.001829837903605 -0.001538497971664 -0.001287279545059 -0.001080508727832 -0.000932669196134 -0.000855781794022 
-0.000442436925026 -0.000501531083684 -0.000611236274996 -0.000775960077973 -0.001007577912426 -0.001150270664825 -0.001358794981837 -0.001606523642571 -0.001866350104443 -0.002092740242438 -0.002338901735907 -0.002886355326070 -0.002669025302305 -0.002531952395556 -0.002016832037099 -0.001641971718267 -0.001348210753610 -0.001120750798622 -0.000962960102804 -0.000881943030584 
-0.000515280134848 -0.000571355739658 -0.000674060245535 -0.000824279414154 -0.001016835803311 -0.001220255882000 -0.001477162763901 -0.001793572554537 -0.002138689526378 -0.002320973843092 -0.002320973843092 -0.003568096010359 -0.003019393542866 -0.002558239326219 -0.002091849985626 -0.001702266562667 -0.001388791590739 -0.001147807579319 -0.000982342811539 -0.000897890040319 
-0.000606708299622 -0.000657747606792 -0.000750219909706 -0.000886008308309 -0.001066393432464 -0.001292692078606 -0.001590467902467 -0.001995804342218 -0.002597293168569 -0.003702477815761 -0.007690464022038 -0.004570176177978 -0.003307778481976 -0.002624386537674 -0.002134281682192 -0.001737778890863 -0.001415138594868 -0.001165688201179 -0.000994351314137 -0.000906961941339 
-0.000723514095098 -0.000769449043411 -0.000851768397312 -0.000973663553414 -0.001142063633225 -0.001366504491469 -0.001662859801082 -0.002051975232395 -0.002576632888920 -0.003357766928687 -0.004411210179031 -0.003739464927378 -0.003057803622352 -0.002547494006252 -0.002139695752159 -0.001762624193680 -0.001438623825164 -0.001183366710959 -0.001006875655170 -0.000916621704613 
-0.000869174416280 -0.000911656365622 -0.000985545650737 -0.001092332427419 -0.001243545691622 -0.001450046930581 -0.001714585319182 -0.002022989887227 -0.002320973843092 -0.002756757050788 -0.002871792912058 -0.002951152217114 -0.002680499481106 -0.002421161552806 -0.002172315853106 -0.001803551978929 -0.001473398120385 -0.001211828486925 -0.001030026357132 -0.000936636856528 
-0.001041545756977 -0.001085449415425 -0.001156028776193 -0.001244051028206 -0.001372860200987 -0.001557755443198 -0.001792477936248 -0.002046329268682 -0.002280527973548 -0.002492349603403 -0.002569681359950 -0.002538011453129 -0.002320973843092 -0.002325592824668 -0.002365605832388 -0.001873803840653 -0.001526434392992 -0.001260872708678 -0.001074385019014 -0.000977402176937 
-0.001230280767963 -0.001288032058008 -0.001371736936144 -0.001426959956850 -0.001524380874147 -0.001692652896323 -0.001917178101661 -0.002137390984309 -0.002298155570799 -0.002394936523043 -0.002398501445946 -0.002320973843092 -0.002270445883561 -0.002220918040562 -0.002130465878993 -0.001867152901555 -0.001591085945789 -0.001341281743776 -0.001151098246976 -0.001048567740174 
-0.001410509228042 -0.001509480931778 -0.001666974831032 -0.001630345108399 -0.001674723317574 -0.001837994807116 -0.002098661508560 -0.002320973843092 -0.002414119150332 -0.002420683720415 -0.002320973843092 -0.002299197331881 -0.002256215842420 -0.002210206790439 -0.002128787749754 -0.001955129763187 -0.001731154384387 -0.001481066955150 -0.001272302131542 -0.001155986687586 
-0.001529290734345 -0.001703419919120 -0.002188029675429 -0.001804182579810 -0.001766917213435 -0.001941502943147 -0.002351378767451 -0.003250035110447 -0.002636171575356 -0.002570387884463 -0.002434148877165 -0.002320973843092 -0.002294809087675 -0.002299210641742 -0.002292366493580 -0.002179705505767 -0.002000195887483 -0.001701471289810 -0.001438990118949 -0.001293336917030 
-0.001501613316221 -0.001602253572046 -0.001733595848300 -0.001675147890793 -0.001703580697911 -0.001861858754423 -0.002146624436761 -0.002477911271052 -0.002320973843092 -0.002806166090805 -0.002534074152797 -0.002320973843092 -0.002342676013548 -0.002454477548612 -0.002624850935340 -0.002545719252636 -0.002478885445949 -0.002001407991332 -0.001626016902470 -0.001433139739324 
-0.001398305305871 -0.001485711179090 -0.001498187258794 -0.001507555046127 -0.001568647348633 -0.001711345811876 -0.001935993733119 -0.002212267038087 -0.002507905326188 -0.003805686868227 -0.002579651987073 -0.002320973843092 -0.002320973843092 -0.002583057562231 -0.003242152271205 -0.002946911542123 -0.003426115023526 -0.002299240952766 -0.001760506578889 -0.001524355570429 
-0.001233125322432 -0.001272583432047 -0.001303063648771 -0.001341509620266 -0.001413932545235 -0.001539840369575 -0.001723611932759 -0.001956347316776 -0.002235997873510 -0.002615890819751 -0.002373369684014 -0.002244889211533 -0.002240430556491 -0.002320973843092 -0.002598664808615 -0.002589116715808 -0.002562245917743 -0.002091621241055 -0.001712453879502 -0.001516155362413 
-0.001079130483092 -0.001109958394992 -0.001149033500751 -0.001198747162409 -0.001269941359570 -0.001376136862240 -0.001522199196847 -0.001701879058811 -0.001899587788217 -0.002077631136144 -0.002076932451617 -0.002062978005452 -0.002085670327640 -0.002150143680344 -0.002253889799695 -0.002269988551996 -0.002181428457390 -0.001872191843445 -0.001593499370372 -0.001439417209429 
-0.000965202298138 -0.000996264685260 -0.001039330786830 -0.001090727858049 -0.001153797487486 -0.001239523882319 -0.001352881349419 -0.001489448195939 -0.001635332316233 -0.001763516417337 -0.001831839633893 -0.001874594555811 -0.001911320275131 -0.001955914536303 -0.002011248256634 -0.002071652269337 -0.002053035169492 -0.001694177590889 -0.001452343835311 -0.001325796270170 
-0.000906710802570 -0.000936981216155 -0.000977394110144 -0.001022648668401 -0.001073775226759 -0.001140126600481 -0.001226752149542 -0.001332008825796 -0.001448329651428 -0.001562100906896 -0.001656755941701 -0.001727612178095 -0.001756505058187 -0.001771302277053 -0.001776302483162 -0.001754582612210 -0.001662849535542 -0.001462200776308 -0.001288650764649 -0.001191998320895 
-0.000918682327701 -0.000943474694270 -0.000972095985642 -0.001002353365274 -0.001036945516818 -0.001083411643434 -0.001146567754432 -0.001227416946206 -0.001324288891023 -0.001433284921599 -0.001548992764528 -0.001655610515873 -0.001643049316114 -0.001619369631561 -0.001588329110251 -0.001529859473856 -0.001418559463380 -0.001267489398992 -0.001134548379859 -0.001058998154913 
-0.001020800074924 -0.001035667682058 -0.001042494526967 -0.001046016680233 -0.001054305107969 -0.001075102081267 -0.001112888018210 -0.001169785850842 -0.001247289959435 -0.001348478718431 -0.001487433626959 -0.001724004340058 -0.001563112920285 -0.001496395660443 -0.001449480631113 -0.001385204912356 -0.001257124497446 -0.001118645655882 -0.001004612718900 -0.000940975254404 
-0.001230613652070 -0.001234083777232 -0.001205644155311 -0.001166104872591 -0.001134371986157 -0.001120290108561 -0.001127280524878 -0.001155977038511 -0.001205828556055 -0.001274528822502 -0.001357428444090 -0.001437710407728 -0.001406562321874 -0.001371675536027 -0.001344594842059 -0.001324580709825 -0.001146900985861 -0.001006585607349 -0.000901549574637 -0.000844673054579 
-0.001553303187476 -0.001559610313299 -0.001470714211312 -0.001364298755401 -0.001277630542210 -0.001220338807557 -0.001191757674518 -0.001188678106542 -0.001206885577607 -0.001237890371374 -0.001268514159851 -0.001288893852866 -0.001275696319405 -0.001254864146468 -0.001238411756154 -0.001156985758834 -0.001035065464085 -0.000916849554264 -0.000824004743937 -0.000773138955519 
-0.001961188446343 -0.002057337532406 -0.001832332747596 -0.001622859680492 -0.001470769005946 -0.001368530699218 -0.001304242215732 -0.001268909385889 -0.001256894870269 -0.001254352322080 -0.001233683014136 -0.001208844085585 -0.001179986987326 -0.001150309991921 -0.001113886315634 -0.001047221087028 -0.000954657422252 -0.000856593912364 -0.000775341037849 -0.000729719621762 
-0.002320973843092 -0.002919069755127 -0.002233807107383 -0.001888888019701 -0.001683803450235 -0.001549708275606 -0.001457069650479 -0.001390601877155 -0.001354317352885 -0.001336923167941 -0.001247939948814 -0.001173763460982 -0.001120167803716 -0.001079801752378 -0.001040337289314 -0.000986481490181 -0.000913990018519 -0.000831849101687 -0.000759538596570 -0.000717571548773 
-0.002320973843092 -0.005763665558188 -0.002320973843092 -0.002059994192173 -0.001880863173273 -0.001748632478301 -0.001643008375586 -0.001537637367460 -0.001478394336426 -0.001522898875241 -0.001289797017161 -0.001163549481297 -0.001089700445600 -0.001044600035416 -0.001010743715634 -0.000972096780771 -0.000917977441314 -0.000848356398676 -0.000780113934702 -0.000738550664474 
-0.003056431466088 -0.002938358678856 -0.002320973843092 -0.002176879841570 -0.002070360367489 -0.001965261017343 -0.001874109513007 -0.001683416510353 -0.001530607285079 -0.001420842552740 -0.001267313939837 -0.001152381297748 -0.001080987562458 -0.001042728551408 -0.001023460647963 -0.001007001140628 -0.000975393634279 -0.000914006811764 -0.000838713868418 -0.000790714688898 
-0.002578900422274 -0.002508142013673 -0.002320973843092 -0.002273518282494 -0.002283664563062 -0.002195854044895 -0.002232195388906 -0.001831709649969 -0.001584609654775 -0.001408704870760 -0.001262839528106 -0.001158538893337 -0.001097433278982 -0.001073035393169 -0.001075877974458 -0.001093004647864 -0.001098263778745 -0.001038696090788 -0.000929718629664 -0.000863120293864 
-0.002210159580689 -0.002216448926887 -0.002230177736596 -0.002320973843092 -0.002606414123180 -0.002313102921586 -0.002138065453959 -0.001864610655470 -0.001620497279250 -0.001427951339942 -0.001284191012219 -0.001189573177453 -0.001140347126500 -0.001130204127120 -0.001156724373688 -0.001221898330869 -0.001308295984953 -0.001242101333080 -0.001029051166742 -0.000930495250324 
-0.001902693457284 -0.001962144373338 -0.002084550183179 -0.002320973843092 -0.003528785106134 -0.002320973843092 -0.002164661751453 -0.001910856276819 -0.001663225689559 -0.001466312826515 -0.001328201373800 -0.001245171017565 -0.001207276369048 -0.001203270278887 -0.001237832752460 -0.001350364945413 -0.001668614429048 -0.001274876226206 -0.001056802062626 -0.000955480703038 
-0.001627173755616 -0.001708159389756 -0.001861122245972 -0.002101647773567 -0.002442873219316 -0.002330103119887 -0.002312733529384 -0.001994951927038 -0.001714642133833 -0.001513861068617 -0.001386925056319 -0.001321264532644 -0.001297574848752 -0.001284753577009 -0.001276076040421 -0.001293073630510 -0.001319229002931 -0.001159104350088 -0.001014616980924 -0.000935879166525 
-0.001379356758702 -0.001461852137587 -0.001607644168815 -0.001810924547941 -0.002050031904801 -0.002258463545315 -0.002780499164868 -0.002083426401796 -0.001743305017395 -0.001551036543120 -0.001446998172165 -0.001410912682810 -0.001422048599411 -0.001398961659296 -0.001319671777788 -0.001253320475260 -0.001184046504490 -0.001067836553041 -0.000960053914236 -0.000898144260084 
-0.001166887660388 -0.001242570924752 -0.001370496943823 -0.001538375100271 -0.001724082562724 -0.001896002606989 -0.002044901377822 -0.001854586890518 -0.001676855097837 -0.001556460870089 -0.001491558892207 -0.001494364626481 -0.001605443460466 -0.001590027492333 -0.001374783984398 -0.001244933254275 -0.001132160695370 -0.001016435705832 -0.000919065350431 -0.000863943166760 
-0.000998467033969 -0.001065603398580 -0.001175828197396 -0.001316029784383 -0.001466217789038 -0.001600231542130 -0.001686949651642 -0.001658207245052 -0.001602427701387 -0.001555061975922 -0.001510661930142 -0.001495719797191 -0.001508212564664 -0.001472871376019 -0.001364666867072 -0.001249085325083 -0.001124292225404 -0.001000552078426 -0.000900466207683 -0.000844849490895 
-0.000880480945828 -0.000940081874545 -0.001036345499310 -0.001157663750419 -0.001287320712051 -0.001405218249564 -0.001491919136871 -0.001534356553402 -0.001562714282128 -0.001589899416104 -0.001535926789808 -0.001497894138566 -0.001478290047758 -0.001447215768550 -0.001386041215904 -0.001294893118513 -0.001160098603437 -0.001019143490405 -0.000906433458960 -0.000844748102136 
-0.000817419088666 -0.000870740384828 -0.000956552579220 -0.001065805132355 -0.001184630525873 -0.001296278854221 -0.001388095898496 -0.001464645487682 -0.001556189983174 -0.001729255906684 -0.001572216368639 -0.001508437953151 -0.001484166371891 -0.001475051321002 -0.001462865976519 -0.001416374304471 -0.001247921538520 -0.001070230389453 -0.000933871009230 -0.000861362963382 
-0.000812600909296 -0.000859378800056 -0.000935913136283 -0.001037034592312 -0.001150868021518 -0.001258323812304 -0.001341107218971 -0.001411520514518 -0.001485673614179 -0.001562506759382 -0.001532229859459 -0.001501672350790 -0.001497648320702 -0.001527406211311 -0.001594236445399 -0.001682574149947 -0.001387886053311 -0.001141358141732 -0.000972356627976 -0.000886943726726 
-0.000868177384655 -0.000904820588910 -0.000969214908398 -0.001063599373289 -0.001179633035250 -0.001289639328317 -0.001341496916572 -0.001380236120747 -0.001426349612144 -0.001477416131379 -0.001504676111178 -0.001485837012277 -0.001495802518426 -0.001558338257996 -0.001712935666850 -0.002101361350493 -0.001517425969579 -0.001195803534052 -0.001003594508982 -0.000910723682125 
-0.000985939802069 -0.001002169657503 -0.001044470375186 -0.001129722709915 -0.001262675473738 -0.001414801481679 -0.001383699136902 -0.001363944646368 -0.001377615368392 -0.001425760787885 -0.001531508607549 -0.001455196956288 -0.001456386871361 -0.001508682685801 -0.001602006831357 -0.001675282649190 -0.001421806143329 -0.001181648767784 -0.001012385300443 -0.000926054610737 
-0.001172279514384 -0.001142657231653 -0.001139976598211 -0.001201264131394 -0.001365029615245 -0.001744922448476 -0.001438016035407 -0.001336094945539 -0.001312446527528 -0.001328140974067 -0.001362689575883 -0.001361294749746 -0.001381007348709 -0.001428182476296 -0.001497695335892 -0.001587672293579 -0.001351026863538 -0.001157065436274 -0.001014257999175 -0.000938430376099 
-0.001452765177172 -0.001312307005388 -0.001225763035724 -0.001217075880521 -0.001280917525924 -0.001381055333309 -0.001311105229053 -0.001256714122705 -0.001233799991105 -0.001235256958598 -0.001251389881155 -0.001268900730045 -0.001299423744961 -0.001342383043749 -0.001383181897924 -0.001388201235182 -0.001275666502328 -0.001140154427918 -0.001022452970056 -0.000955266136017 
-0.001910286518532 -0.001470344586736 -0.001281571121736 -0.001208007402344 -0.001202574187042 -0.001222779718751 -0.001205985197470 -0.001183810346190 -0.001168148402392 -0.001163895714377 -0.001173378478222 -0.001196487590653 -0.001235466539074 -0.001285111313151 -0.001328290992836 -0.001333366389112 -0.001264338097361 -0.001161340643181 -0.001048864615137 -0.000980366700781 
-0.001570219842325 -0.001409144496768 -0.001266860174369 -0.001181917930425 -0.001151248287710 -0.001153165459441 -0.001157557893188 -0.001154994997212 -0.001140795434533 -0.001127271888797 -0.001128102001372 -0.001151254462742 -0.001199381060887 -0.001268091988819 -0.001342132568689 -0.001384268166096 -0.001325563118945 -0.001240329056756 -0.001093103184861 -0.001006352779718 
-0.001413752020722 -0.001359534555878 -0.001239213099040 -0.001156623821738 -0.001128193024904 -0.001143626577880 -0.001178166876777 -0.001198718904345 -0.001172833148204 -0.001135092566009 -0.001116551211180 -0.001132421459660 -0.001187790229457 -0.001283842079053 -0.001419621025778 -0.001563888263674 -0.001442738067508 -0.001412706037809 -0.001129872015328 -0.001009090211440 
-0.001334250489873 -0.001398260397976 -0.001216421387893 -0.001134669294725 -0.001127182822223 -0.001183525553967 -0.001280229858050 -0.001354585227229 -0.001282705037830 -0.001189313028529 -0.001133324047656 -0.001131099712746 -0.001184482444626 -0.001299216910133 -0.001517028901470 -0.002025576600087 -0.001485682638387 -0.001247379426714 -0.001052429256225 -0.000952163568002 
-0.001206769102793 -0.001205063291779 -0.001133902548419 -0.001097000109362 -0.001130202694992 -0.001252572767040 -0.001470316453867 -0.001718100194239 -0.001479681327830 -0.001274118566781 -0.001162185937622 -0.001133599826365 -0.001169803711231 -0.001250087878792 -0.001347306636084 -0.001442907163326 -0.001255280702647 -0.001078201058360 -0.000936832018198 -0.000860320742500 
-0.001106801145491 -0.001107025481509 -0.001061505164869 -0.001049372120971 -0.001112208657198 -0.001293080564931 -0.001686516269203 -0.002609168554911 -0.001702804839913 -0.001332136361249 -0.001173583309583 -0.001129890843597 -0.001158829720127 -0.001221304322699 -0.001211879220022 -0.001175928229709 -0.001057068423260 -0.000926881437438 -0.000820721493931 -0.000762130078571 
-0.001033430035935 -0.001077063618329 -0.001000697406624 -0.000988253456762 -0.001045218943795 -0.001186254191252 -0.001417583480168 -0.001674252909463 -0.001444644286583 -0.001244174582960 -0.001134771930797 -0.001108425434665 -0.001154415996225 -0.001290033584140 -0.001135700941400 -0.001032308305832 -0.000920483108113 -0.000811550913551 -0.000725193711890 -0.000677756792850 
-0.000940088072860 -0.000945803102806 -0.000921915691806 -0.000922159491106 -0.000967554226445 -0.001062820981547 -0.001189647340633 -0.001284935623812 -0.001225131001913 -0.001135539632944 -0.001077326963580 -0.001065060070427 -0.001088391237503 -0.001113160787287 -0.001036335077054 -0.000938275747285 -0.000833169624391 -0.000735105712227 -0.000659209100397 -0.000617930881876 
-0.000885124011763 -0.000884976568084 -0.000875241086720 -0.000880896907035 -0.000918761947155 -0.000989741330253 -0.001073841919255 -0.001129004073211 -0.001113788941417 -0.001070450458775 -0.001039248500637 -0.001035639409795 -0.001050655733055 -0.001052287380414 -0.000985413986964 -0.000891677314702 -0.000790420751217 -0.000697168797455 -0.000625801784185 -0.000587222069420 
