-0.003836499952275 -0.003940811558084 -0.004091165081932 -0.004225849312465 -0.004201974485944 -0.003787391316502 -0.003247107931050 -0.002741226676800 -0.002333039507855 -0.002036681494962 -0.001845772453353 -0.001744845086052 -0.001713516628739 -0.001728476919968 -0.001766479747897 -0.001808524031717 -0.001835252057395 -0.001835288238246 -0.001824044436107 -0.001816168801549 
-0.004004068073434 -0.004119881658693 -0.004313599516390 -0.004572445957450 -0.004772612375451 -0.004111688517917 -0.003429319555071 -0.002866097983052 -0.002436778365674 -0.002131143530346 -0.001935640095067 -0.001834355412090 -0.001807577637172 -0.001830520430329 -0.001875931486130 -0.001927227929583 -0.001954180286800 -0.001923559435772 -0.001876240336223 -0.001845883464484 
-0.004285657591732 -0.004403350414056 -0.004629526904442 -0.005104818755642 -0.006302395902328 -0.004591385349938 -0.003649357567944 -0.003021540012232 -0.002577328358473 -0.002266884337304 -0.002070062492779 -0.001973636316114 -0.001961745209390 -0.002007776750913 -0.002069426664312 -0.002153674481813 -0.002207963330222 -0.002100811749749 -0.001976620106158 -0.001904355382942 
-0.004670217086989 -0.004748278909035 -0.004833141845910 -0.004994482375947 -0.005156194714332 -0.004392343621877 -0.003675574814960 -0.003121391790983 -0.002709323965740 -0.002412132699601 -0.002221566481625 -0.002135579700757 -0.002151443366806 -0.002249888232952 -0.002318164849998 -0.002484195916364 -0.002694092704187 -0.002373697803181 -0.002109024056241 -0.001976112464701 
-0.005185838852630 -0.005244216617040 -0.005087561705240 -0.004965998077899 -0.004975385163463 -0.004216637633572 -0.003628333767684 -0.003169389283853 -0.002813556762710 -0.002544470214003 -0.002364769891165 -0.002285588220365 -0.002331594731534 -0.002571799601450 -0.002531947409535 -0.002831148055677 -0.003760255366640 -0.002673118720161 -0.002211350666797 -0.002024630970534 
-0.005831036256735 -0.006091411883038 -0.005421844985094 -0.004877755602051 -0.004465250006643 -0.003921195086825 -0.003517978698685 -0.003179362719415 -0.002894811338355 -0.002663107635478 -0.002491648166851 -0.002391549159440 -0.002374017634826 -0.002431910146134 -0.002465065595775 -0.002598167736687 -0.002778167887219 -0.002438150371302 -0.002159203073802 -0.002018548817889 
-0.006369966946827 -0.007956242857030 -0.005717645977053 -0.004748973359122 -0.004145774946783 -0.003524012005633 -0.003400963120284 -0.003198027021202 -0.002987837997014 -0.002796157569513 -0.002632883816928 -0.002506347462377 -0.002429201725166 -0.002399176474895 -0.002390159982281 -0.002411605589309 -0.002412023000614 -0.002263818452659 -0.002110635286310 -0.002023150396628 
-0.005450233929045 -0.005684199336194 -0.004965456882608 -0.004358060499115 -0.003911906164483 -0.003524012005633 -0.003416655066866 -0.003288567912984 -0.003130120912851 -0.002977259238429 -0.002827423505642 -0.002674605776155 -0.002548384285041 -0.002460896816631 -0.002405087274460 -0.002369203514056 -0.002323097762266 -0.002236298870117 -0.002150652105064 -0.002101009996561 
-0.004512475896603 -0.004524463100070 -0.004258176574254 -0.003953950016058 -0.003714460805791 -0.003558199096693 -0.003514706297212 -0.003473885356246 -0.003328633954289 -0.003224415066460 -0.003111105456620 -0.002920513926224 -0.002748223605591 -0.002619685044836 -0.002533394130812 -0.002472318937359 -0.002413581326451 -0.002353136888118 -0.002307009170600 -0.002285202346872 
-0.003839153489018 -0.003862775049606 -0.003793312109623 -0.003667954616770 -0.003578276459157 -0.003579632950667 -0.003688685793135 -0.003818158269541 -0.003524012005633 -0.003524012005633 -0.003539208643192 -0.003236405249063 -0.003013518959436 -0.002859415103814 -0.002765760622955 -0.002703640187408 -0.002637169665370 -0.002589194103125 -0.002574500933165 -0.002583650571448 
-0.003436979481294 -0.003527737830667 -0.003596419168315 -0.003535872625152 -0.003509276534947 -0.003611256909687 -0.003916865854762 -0.004611358718645 -0.004613371237461 -0.005735878424226 -0.004321218261203 -0.003524012005633 -0.003290358070824 -0.003139167917363 -0.003076387392482 -0.003050436940340 -0.002952463187876 -0.002900726860280 -0.002923504396205 -0.002992874093699 
-0.003219059531274 -0.003425705586322 -0.003711890005183 -0.003539400850462 -0.003459434768471 -0.003551159596137 -0.003816757882146 -0.004231325488049 -0.004586763829603 -0.005145497156037 -0.004494606693239 -0.003994774130667 -0.003524012005633 -0.003396693423580 -0.003429513024036 -0.003549181899869 -0.003299916245032 -0.003213219661114 -0.003290985663856 -0.003524012005633 
-0.003026442118859 -0.003405341127804 -0.004397746390389 -0.003580630605808 -0.003363695614965 -0.003418547605703 -0.003631520444152 -0.003937254910894 -0.004368046230326 -0.004701281367594 -0.004522524757225 -0.004439610787991 -0.003906902309188 -0.003524012005633 -0.003742083325371 -0.004456505428017 -0.003524012005633 -0.003403201270655 -0.003524012005633 -0.004837729366029 
-0.002646140839381 -0.002876467633183 -0.003214616284523 -0.003116773880521 -0.003101202961579 -0.003215853264662 -0.003409614099158 -0.003539679665242 -0.004259713480029 -0.004775363434111 -0.004459033744508 -0.005338986730889 -0.004149753840446 -0.003664341568095 -0.003585079899041 -0.003673937461642 -0.003432107887988 -0.003379071290259 -0.003523268609808 -0.003925484364576 
-0.002221751512082 -0.002369928647298 -0.002567172928104 -0.002674741361763 -0.002807437503788 -0.003012727571692 -0.003294813691881 -0.003671114987217 -0.004364464372264 -0.005684242375665 -0.003559498426406 -0.004022252105703 -0.003720140567536 -0.003443669292625 -0.003316188113458 -0.003278398669821 -0.003209897157421 -0.003218132418879 -0.003318314965375 -0.003466692455836 
-0.001842890631558 -0.001962858598579 -0.002137947428181 -0.002323712520691 -0.002541829974631 -0.002810660641328 -0.003134398781306 -0.003507285367108 -0.003854939316316 -0.004142841151376 -0.003607002156123 -0.003503715502122 -0.003320129566986 -0.003146473066900 -0.003042635526007 -0.003004628571569 -0.003004467850854 -0.003058038957978 -0.003153900694029 -0.003242415900821 
-0.001547979045183 -0.001662407554381 -0.001842408439345 -0.002066622917582 -0.002330585970240 -0.002632400667880 -0.002972915904831 -0.003388355725813 -0.003426092420618 -0.003450375293090 -0.003259088986751 -0.003121863941366 -0.002986322052371 -0.002872853037796 -0.002809946352701 -0.002807635754816 -0.002862718211095 -0.002971421999519 -0.003108328686316 -0.003214972102869 
-0.001350481215600 -0.001466725845625 -0.001656522073127 -0.001903285066103 -0.002190246175086 -0.002494293552387 -0.002778921444852 -0.002990384819522 -0.003040093428954 -0.003015855264181 -0.002914926195836 -0.002813749550561 -0.002723113964342 -0.002656904309715 -0.002637323621262 -0.002681522532082 -0.002797488632236 -0.002983155038320 -0.003212697232181 -0.003408259921596 
-0.001250575705075 -0.001370539387940 -0.001570825709498 -0.001835487742271 -0.002141959294797 -0.002455001554107 -0.002711069278178 -0.002795455134160 -0.002777497753970 -0.002720339909556 -0.002647994179131 -0.002586353749272 -0.002540037578038 -0.002511700097826 -0.002528869924505 -0.002617513847327 -0.002795813957516 -0.003076457013790 -0.003463142343155 -0.003896694780945 
-0.001238535493422 -0.001362602365088 -0.001573769691997 -0.001856593556998 -0.002189419762877 -0.002544725580931 -0.002866220982392 -0.002758321713664 -0.002623082690250 -0.002522933879065 -0.002464595604728 -0.002445841902886 -0.002448507518426 -0.002441203757123 -0.002478648666555 -0.002597793934268 -0.002821833300662 -0.003179619778000 -0.003757251189456 -0.004877541745553 
-0.001296603446512 -0.001424831591840 -0.001646734138107 -0.001946251118130 -0.002303533913127 -0.002726784768860 -0.003487081862889 -0.002811826596464 -0.002519989987672 -0.002384815239573 -0.002348030124478 -0.002387999886564 -0.002468881803858 -0.002441309587642 -0.002473932876286 -0.002604518415863 -0.002839052001852 -0.003168301739879 -0.003573878516768 -0.004008336606322 
-0.001402049276260 -0.001534745363161 -0.001767250862454 -0.002079409178944 -0.002424373754687 -0.002616398924629 -0.002778117173506 -0.002556576960824 -0.002364028428650 -0.002264494405090 -0.002267211474273 -0.002382837106094 -0.002667044638967 -0.002484271645983 -0.002494136502599 -0.002635728777866 -0.002882578576088 -0.003184309158564 -0.003442814488498 -0.003634120936762 
-0.001531038507113 -0.001669004596516 -0.001914148458709 -0.002258546513887 -0.002746980397020 -0.002595238454165 -0.002523431896543 -0.002373095476379 -0.002237868063866 -0.002171848916388 -0.002191070766500 -0.002285987366161 -0.002414943564346 -0.002430631830117 -0.002505041154724 -0.002687942601011 -0.002984747525335 -0.003336595265608 -0.003460658948655 -0.003524643746687 
-0.001662397324799 -0.001805537411807 -0.002050177866087 -0.002345746197998 -0.002592254568446 -0.002557759838623 -0.002440146912679 -0.002293993568546 -0.002180399564835 -0.002137271417980 -0.002173552119733 -0.002269524871091 -0.002376616973689 -0.002438042090909 -0.002539482122737 -0.002752442431661 -0.003130934718452 -0.003776011997465 -0.003602449452249 -0.003539879108719 
-0.001781505524341 -0.001941052116728 -0.002215641339500 -0.002539635944481 -0.002771035095974 -0.002680735563078 -0.002490487157163 -0.002311923690027 -0.002198184830219 -0.002173559081188 -0.002240241444784 -0.002374354590578 -0.002511197315661 -0.002542727000753 -0.002605913216683 -0.002781605185274 -0.003093537877218 -0.003492180043939 -0.003674006715210 -0.003524012005633 
-0.001869472634528 -0.002056864058153 -0.002401369102334 -0.002870043706670 -0.003324479462729 -0.002983752690374 -0.002637554880920 -0.002396432456501 -0.002271943796650 -0.002266107984663 -0.002379742984617 -0.002605237465942 -0.002875374876018 -0.002757012570422 -0.002713376050647 -0.002821404803639 -0.003085600934922 -0.003497546481523 -0.004116914929386 -0.005534350078757 
-0.001903704903764 -0.002111309921223 -0.002523262097683 -0.003239286608831 -0.004707046825198 -0.003366820341009 -0.002785188622033 -0.002491072851920 -0.002364001655133 -0.002374862291230 -0.002531141927156 -0.002894995450571 -0.003712835364626 -0.003025970689834 -0.002825458124607 -0.002864158989736 -0.003067128206837 -0.003392835651324 -0.003811385410081 -0.004283035480967 
-0.001877666589855 -0.002070323726925 -0.002420357448185 -0.002898590565702 -0.003374953013032 -0.003063547502755 -0.002746981760048 -0.002536993237719 -0.002441912253859 -0.002456860227607 -0.002577327120061 -0.002796950510607 -0.003053368856208 -0.002922675020159 -0.002851838780610 -0.002905007489022 -0.003070387856318 -0.003301639022519 -0.003512105964578 -0.003524012005633 
-0.001823128024216 -0.001997472106009 -0.002291747182783 -0.002638744304009 -0.002899464520627 -0.002849417420871 -0.002701302743996 -0.002575539740170 -0.002517515698630 -0.002534913748826 -0.002617330932107 -0.002745740692519 -0.002867249363920 -0.002882961941381 -0.002905167012995 -0.002990298456027 -0.003145547823676 -0.003329376437004 -0.003457792381771 -0.003497525912269 
-0.001773001090461 -0.001943482554791 -0.002228290310008 -0.002562105012646 -0.002819599973228 -0.002820207666077 -0.002725367670008 -0.002639564163322 -0.002605628510671 -0.002628078434967 -0.002691696966848 -0.002786759223678 -0.002885973540247 -0.002959910957728 -0.003036458817989 -0.003146524685129 -0.003311535137590 -0.003491302397519 -0.003524012005633 -0.003524012005633 
-0.001740846860469 -0.001921529092078 -0.002239441134532 -0.002660275859935 -0.003076302590447 -0.002964495909179 -0.002819844822111 -0.002727564470445 -0.002701108931169 -0.002730612198613 -0.002797139610521 -0.002899952510925 -0.003023237400383 -0.003145438143779 -0.003255559898881 -0.003364003364716 -0.003554992820791 -0.003848131443340 -0.004378239280227 -0.003906959265169 
-0.001721550897901 -0.001911479087083 -0.002269522382929 -0.002849724224374 -0.003912229317415 -0.003201093056938 -0.002926053770361 -0.002809475790227 -0.002782920972456 -0.002822035707384 -0.002913571843989 -0.003056661938214 -0.003240626505759 -0.003433440691045 -0.003569456812038 -0.003583037652706 -0.003760343113338 -0.003995961098822 -0.006242158356652 -0.003822086031144 
-0.001708957249090 -0.001883945535088 -0.002196234844638 -0.002624990295892 -0.003079310714512 -0.003041152814568 -0.002925726169590 -0.002855495766512 -0.002846554303841 -0.002901712412744 -0.003025437965484 -0.003227887171127 -0.003511762004850 -0.003842550242451 -0.004063520624971 -0.003681982333870 -0.003943665649223 -0.004126124355024 -0.004563939533897 -0.003967196272828 
-0.001722626986680 -0.001874622325623 -0.002132631586716 -0.002460969561916 -0.002785389671750 -0.002987997609766 -0.002925409221054 -0.002892908537514 -0.002898986549841 -0.002963330339938 -0.003109373155693 -0.003369001117189 -0.003784220873906 -0.004398900285292 -0.005178929583613 -0.004686460430991 -0.004246440613177 -0.004039503285083 -0.003947091065081 -0.003524012005633 
-0.001793767679433 -0.001922949426385 -0.002135080682405 -0.002400230581247 -0.002666862960411 -0.002865052549635 -0.002937683174273 -0.002945397786362 -0.002950775075663 -0.003001546684507 -0.003137205643114 -0.003407444618181 -0.003896932796742 -0.004804564373863 -0.009789929109606 -0.005666957915407 -0.004373346533820 -0.003901647230723 -0.003705091351714 -0.003550662667613 
-0.001957786891153 -0.002063355430029 -0.002233988672391 -0.002454721614388 -0.002698639723846 -0.002923438738340 -0.003068234638741 -0.003057152999485 -0.003018112260415 -0.003019049167946 -0.003096005588531 -0.003286894753529 -0.003631058228277 -0.004151722190245 -0.004746687073045 -0.003846199573993 -0.003749685121963 -0.003575938403067 -0.003500691370720 -0.003487977064331 
-0.002253106283799 -0.002325973982717 -0.002444967236285 -0.002617006951014 -0.002847885738522 -0.003132388175168 -0.003409831371439 -0.003252574435248 -0.003105599039500 -0.003026607190160 -0.003013767085141 -0.003086897334100 -0.003249771580586 -0.003456419936420 -0.003524012005633 -0.003371556256540 -0.003286769494217 -0.003254318498856 -0.003328791869523 -0.003492742929523 
-0.002723007375002 -0.002737597729889 -0.002772627265330 -0.002859104844557 -0.003048328300050 -0.003418122887947 -0.004224835335736 -0.003485216242201 -0.003178666672201 -0.003028536987946 -0.002920817570819 -0.002882262922839 -0.002905807285928 -0.002954863386117 -0.002960252080354 -0.002902759816233 -0.002877907919079 -0.002936397382841 -0.003156174182714 -0.003715787214012 
-0.003421866212191 -0.003319383846842 -0.003214287764117 -0.003134235395753 -0.003171484695667 -0.003326517436304 -0.003526847455366 -0.003323969561038 -0.003137832354302 -0.003029117832065 -0.002829170132900 -0.002706520521981 -0.002636413335533 -0.002594951548723 -0.002555287358816 -0.002514592394111 -0.002509398144021 -0.002570278683521 -0.002715797459111 -0.002917849405827 
-0.004414867238820 -0.004066520249102 -0.003772478218844 -0.003408907907887 -0.003275513156558 -0.003265739075526 -0.003286086939712 -0.003193693646258 -0.003052312016573 -0.002901922018807 -0.002724281412453 -0.002569094727627 -0.002445132211710 -0.002348389811005 -0.002272462081784 -0.002219966943051 -0.002205580418565 -0.002239527985289 -0.002315607109227 -0.002395468976980 
-0.005976152315339 -0.004863799364762 -0.004493167717539 -0.003524012005633 -0.003335867203176 -0.003252043685167 -0.003224795129267 -0.003169876684990 -0.003026205898424 -0.002852425502112 -0.002667190371696 -0.002489998510029 -0.002331267220164 -0.002196302644073 -0.002088919124589 -0.002014690007223 -0.001980120709133 -0.001985229969655 -0.002017101122231 -0.002048230565505 
-0.008710306382353 -0.004968634059073 -0.005842452585931 -0.003594661596167 -0.003347443473592 -0.003250576573411 -0.003255642648638 -0.003290365949630 -0.003085130522732 -0.002874061609662 -0.002673850026985 -0.002478271251236 -0.002292241129618 -0.002125252663610 -0.001987459775223 -0.001887596495053 -0.001830300628941 -0.001811934911104 -0.001817658615342 -0.001825043055401 
-0.006050675746843 -0.004699354160900 -0.003524012005633 -0.003409394059753 -0.003258879168808 -0.003209145260075 -0.003310559719398 -0.003687664733207 -0.003198391255190 -0.002942754302561 -0.002744383661251 -0.002537478657718 -0.002326264771532 -0.002126405784602 -0.001954834984598 -0.001824859625678 -0.001742678570090 -0.001704722228016 -0.001695038707924 -0.001684934953693 
-0.004757579048700 -0.004261957133274 -0.003612922806628 -0.003297095255146 -0.003127707405690 -0.003077853085197 -0.003131322140468 -0.003233782082515 -0.003118657357190 -0.003006880382508 -0.002885882770334 -0.002675248644742 -0.002435156477990 -0.002195023516391 -0.001980932349067 -0.001812294273906 -0.001698250424268 -0.001637620040350 -0.001618026954571 -0.001585726158842 
-0.003988876040344 -0.003994225464917 -0.003406261627261 -0.003096921208271 -0.002948364293016 -0.002914499429448 -0.002962089241831 -0.003042166458375 -0.003081364804094 -0.003128510891776 -0.003170289830068 -0.002908890119006 -0.002624216510734 -0.002328640411595 -0.002057461168246 -0.001837360415788 -0.001678334147585 -0.001577347127187 -0.001520549038742 -0.001487084125557 
-0.003258061261237 -0.003201976355296 -0.002978810681655 -0.002812735289017 -0.002738478446512 -0.002750587653768 -0.002829611116869 -0.002946766447151 -0.003082309330436 -0.003294980622479 -0.003792394875463 -0.003221019394685 -0.002896149712695 -0.002523356765227 -0.002175059293845 -0.001891412702761 -0.001679711281074 -0.001534510869498 -0.001444832915246 -0.001399893813378 
-0.002678105821287 -0.002654551557210 -0.002581908686737 -0.002531034470555 -0.002536435536742 -0.002605990488355 -0.002730483456811 -0.002887196881600 -0.003045900162300 -0.003203036923771 -0.003387357093375 -0.003330243932481 -0.003276163022106 -0.002771042952606 -0.002315045336213 -0.001961421680040 -0.001696926957861 -0.001509205668727 -0.001389011742939 -0.001329794064934 
-0.002256117334429 -0.002267544173143 -0.002272936821901 -0.002299885997021 -0.002369981021567 -0.002492721658686 -0.002665257414781 -0.002868761627619 -0.003038759471224 -0.003118213910740 -0.003259696312453 -0.003477574658921 -0.004147136878606 -0.003036047044273 -0.002432004770771 -0.002025096865083 -0.001720364088298 -0.001497609527048 -0.001351338554996 -0.001278792017939 
-0.001982625566966 -0.002017232447873 -0.002065330997316 -0.002139389804957 -0.002252266159867 -0.002412345850068 -0.002624129645475 -0.002902841837340 -0.002945352646935 -0.003011679050002 -0.003104072904354 -0.003210939246018 -0.003285911310134 -0.002851659523550 -0.002421253289580 -0.002058128681571 -0.001740664258387 -0.001494821260898 -0.001329375744144 -0.001246607454633 
-0.001848530335447 -0.001894174598455 -0.001961450464532 -0.002057145480999 -0.002189038031966 -0.002360326234928 -0.002562491253367 -0.002762350378856 -0.002863792124664 -0.002936096274110 -0.003001235825265 -0.003042102860069 -0.002993776182968 -0.002727254062709 -0.002400606307523 -0.002092052603573 -0.001757708092381 -0.001496621850793 -0.001320049019694 -0.001231539547902 
