-0.000874866218060 -0.000902322610036 -0.000943601294002 -0.000989831429169 -0.001024876204556 -0.001029608123395 -0.000994265509385 -0.000914265058668 -0.000795884393174 -0.000653962953148 -0.000508717599869 -0.000377028759422 -0.000268586077840 -0.000186166055809 -0.000127661593857 -0.000088409549852 -0.000063163928848 -0.000047456789713 -0.000038244028669 -0.000033902154576 
-0.000930982751848 -0.000965779332094 -0.001021727401590 -0.001087485183351 -0.001139774349047 -0.001147877727073 -0.001111552123248 -0.001027887230819 -0.000898466608771 -0.000738031445622 -0.000574001891616 -0.000427022807379 -0.000307451592887 -0.000217461023549 -0.000153975687324 -0.000111313386475 -0.000083375616701 -0.000065268773955 -0.000054065988120 -0.000048562858867 
-0.001020715276741 -0.001069524688785 -0.001154443118039 -0.001262946324892 -0.001358316433438 -0.001360963212622 -0.001320342822919 -0.001238423085231 -0.001090606828348 -0.000889605372974 -0.000687799073112 -0.000512920018335 -0.000374770567192 -0.000273312751058 -0.000203134728675 -0.000156282434066 -0.000124748945635 -0.000102746540169 -0.000087849574037 -0.000080052858513 
-0.001126920190126 -0.001193750850796 -0.001318918819202 -0.001501220933405 -0.001711150191566 -0.001648401347622 -0.001595876426934 -0.001550081659986 -0.001381570114681 -0.001098970121490 -0.000838539136651 -0.000627634786470 -0.000468468788573 -0.000355887129373 -0.000280787422076 -0.000231602982226 -0.000196926578738 -0.000169380807165 -0.000148157357539 -0.000136187861269 
-0.001232891618814 -0.001313009320952 -0.001470481278102 -0.001739775747357 -0.002358976866392 -0.001945833433291 -0.001882302349238 -0.002006170515147 -0.001814916423708 -0.001335812185809 -0.001003204168420 -0.000760495566374 -0.000586308492483 -0.000468877440928 -0.000395634015206 -0.000350199815619 -0.000314997747441 -0.000279182072125 -0.000246537928098 -0.000226764094503 
-0.001329962206135 -0.001406437754092 -0.001542005432669 -0.001729661699644 -0.001943616130117 -0.001903372341835 -0.001988883657561 -0.002782816758494 -0.001948283557573 -0.001470404880599 -0.001143069064737 -0.000901002650534 -0.000727777313128 -0.000617547097734 -0.000559095404709 -0.000530380350421 -0.000501348604674 -0.000450790789841 -0.000395723206704 -0.000360821520053 
-0.001429243620490 -0.001496372930264 -0.001601555502696 -0.001718211018497 -0.001797093871229 -0.001739775747357 -0.001739775747357 -0.001965558612806 -0.001739775747357 -0.001500030047001 -0.001266010316257 -0.001055439059869 -0.000896449280248 -0.000806363724527 -0.000782336891189 -0.000796049926118 -0.000790728887406 -0.000707188772319 -0.000605334483236 -0.000541074953737 
-0.001550579909890 -0.001611443027147 -0.001697803669826 -0.001778946170233 -0.001805251310110 -0.001739775747357 -0.001739775747357 -0.001756220226020 -0.001693351249039 -0.001567558350503 -0.001433686335608 -0.001244405414161 -0.001093381644964 -0.001030290128982 -0.001066982202244 -0.001174675415039 -0.001248420487621 -0.001073686373696 -0.000872564560762 -0.000754464089007 
-0.001710856118933 -0.001772132880505 -0.001853413868669 -0.001932409335255 -0.001927457503162 -0.001877363908442 -0.001782771882399 -0.001739775747357 -0.001727205130420 -0.001682253450460 -0.001717377976085 -0.001477849070207 -0.001300779157850 -0.001259263443710 -0.001382708828459 -0.001680665035757 -0.002041426919515 -0.001562121718074 -0.001161675849652 -0.000959614119189 
-0.001909734577847 -0.001981933126266 -0.002059940976138 -0.002197808590101 -0.002121085055445 -0.002074387876942 -0.002060089123412 -0.002089669364408 -0.001804611168207 -0.001739775747357 -0.002314686110259 -0.001719413613099 -0.001465324758709 -0.001425260091581 -0.001621245733190 -0.002204110723283 -0.003734603733342 -0.002061517288534 -0.001361622692141 -0.001080578547179 
-0.002122222910401 -0.002240099868868 -0.002236571785948 -0.002233962265332 -0.002308445903289 -0.002262070025193 -0.002306441992343 -0.002756912897069 -0.001739775747357 -0.001735941309344 -0.001836754022661 -0.001673193892617 -0.001497960158132 -0.001450184402228 -0.001562377282250 -0.001839537999177 -0.002172885262671 -0.001672137468755 -0.001254975939887 -0.001043744418885 
-0.002280335196856 -0.002650519862304 -0.002433814195713 -0.002206625900358 -0.002638996490300 -0.002383277758813 -0.002161099810486 -0.002097774156714 -0.001739775747357 -0.001645853686076 -0.001648704193194 -0.001675288366717 -0.001473150831346 -0.001402936095600 -0.001428955928630 -0.001501371161401 -0.001523732442925 -0.001300045778157 -0.001061610613324 -0.000923614794882 
-0.002113559963921 -0.002325820006446 -0.002646302717920 -0.002684313388385 -0.003670588179644 -0.002492157375315 -0.001869878003449 -0.001739775747357 -0.001581542397619 -0.001490908072920 -0.001462793198665 -0.001448210043363 -0.001374366286125 -0.001337699429411 -0.001335164254041 -0.001302842261216 -0.001216522135214 -0.001052675465788 -0.000890678692443 -0.000795028843159 
-0.001802715149852 -0.001927298151676 -0.002102462086028 -0.002228803601114 -0.002414417022362 -0.002064565813111 -0.001726776208135 -0.001536608072989 -0.001401581255905 -0.001327751554175 -0.001310319519347 -0.001320399886951 -0.001293508514869 -0.001304423029519 -0.001343091527095 -0.001240294209739 -0.001081797917736 -0.000912779328557 -0.000774396199294 -0.000697698355071 
-0.001468678583783 -0.001551713083442 -0.001664242412137 -0.001739775747357 -0.001804462924037 -0.001673163606071 -0.001492706254510 -0.001343801398650 -0.001234706118148 -0.001178239805036 -0.001183136732186 -0.001261807379192 -0.001219331569137 -0.001290602206233 -0.001535755472821 -0.001295514258096 -0.001041205574224 -0.000844164524001 -0.000711155064758 -0.000644455069162 
-0.001181916967632 -0.001248047564512 -0.001337203608366 -0.001414198857135 -0.001453439157827 -0.001407790623957 -0.001311065813465 -0.001200873251256 -0.001105408601969 -0.001045942495715 -0.001031094725986 -0.001052271540450 -0.001066058030958 -0.001130290093668 -0.001258613276894 -0.001398149745816 -0.001011810377508 -0.000803479041841 -0.000687875274909 -0.000637044754937 
-0.000977588402719 -0.001040556034351 -0.001128738707058 -0.001216895005875 -0.001277954332757 -0.001285962708159 -0.001238697509534 -0.001142421704149 -0.001038239273225 -0.000957615186221 -0.000913412802713 -0.000901881100659 -0.000909496276597 -0.000943151063683 -0.000990774891096 -0.001000646763767 -0.000863657578147 -0.000753781520380 -0.000697012968425 -0.000681419879647 
-0.000864784433922 -0.000933051358314 -0.001035542734247 -0.001150974001282 -0.001252776714794 -0.001313453983762 -0.001309913363879 -0.001189408135129 -0.001045280260090 -0.000924931776579 -0.000843744714905 -0.000800187886545 -0.000785346189581 -0.000791610729376 -0.000803380358178 -0.000795376711844 -0.000751954956446 -0.000729530391927 -0.000751900347905 -0.000799754910962 
-0.000833111507020 -0.000912483623809 -0.001040649133696 -0.001198169217813 -0.001357580928590 -0.001487100848102 -0.001577811068326 -0.001345170640040 -0.001117396278090 -0.000940615077110 -0.000817514145931 -0.000741603199593 -0.000702795941899 -0.000689573600981 -0.000687017993545 -0.000680452310921 -0.000683465840530 -0.000731776641819 -0.000853941789839 -0.001035754424470 
-0.000858840101786 -0.000953074906982 -0.001114755129927 -0.001326603493794 -0.001559695170070 -0.001755791952627 -0.002216705829101 -0.001558993108769 -0.001211063894074 -0.000979018460370 -0.000818476580442 -0.000714006693263 -0.000654525084914 -0.000628843188552 -0.000622595328270 -0.000609149152835 -0.000629250503592 -0.000721071975558 -0.000949729997491 -0.001492018530596 
-0.000911766921483 -0.001021765168663 -0.001219197170492 -0.001492759883879 -0.001833068473488 -0.001781266677623 -0.001739775747357 -0.001500320520871 -0.001240861914055 -0.001007638409811 -0.000827531123460 -0.000701841165725 -0.000624812109582 -0.000590170207269 -0.000596700210096 -0.000549109551758 -0.000556015637403 -0.000624885890746 -0.000766560063336 -0.000958212388488 
-0.000962736315166 -0.001085196220887 -0.001310150988101 -0.001624664564436 -0.001975857412415 -0.001804087041734 -0.001673217880595 -0.001483380731226 -0.001273774003728 -0.001030273461130 -0.000836397054023 -0.000693839453996 -0.000597453459927 -0.000538373663176 -0.000504425287861 -0.000471755541533 -0.000469294494594 -0.000506111535058 -0.000577132088368 -0.000650534392342 
-0.000990872314925 -0.001119233355648 -0.001361802530119 -0.001739775747357 -0.002648846070003 -0.001791969967663 -0.001673727137201 -0.001497108327290 -0.001273864759864 -0.001040959664695 -0.000842018585781 -0.000688396266750 -0.000576662558790 -0.000497891544306 -0.000443127940970 -0.000405047136514 -0.000391038357798 -0.000403328820505 -0.000433909651784 -0.000462206419582 
-0.000987733892167 -0.001108225647219 -0.001318598109392 -0.001574716586433 -0.001739775747357 -0.001739775747357 -0.001739775747357 -0.001574879334443 -0.001310365193962 -0.001058019880133 -0.000849287285066 -0.000688179148283 -0.000566740967714 -0.000473671359649 -0.000404362333163 -0.000356790655899 -0.000332413108582 -0.000329602750445 -0.000339905141172 -0.000348646283072 
-0.000964365010687 -0.001080551766115 -0.001280105123455 -0.001522670832538 -0.001736067802499 -0.001887339846846 -0.002415900604057 -0.001770750390279 -0.001366924024341 -0.001074093283027 -0.000855567623099 -0.000693614443450 -0.000570417222192 -0.000465635518265 -0.000383526611994 -0.000326097997743 -0.000293571098529 -0.000283087167157 -0.000285956710295 -0.000283012060793 
-0.000930350535259 -0.001048181415873 -0.001257136162982 -0.001533232149264 -0.001805669057359 -0.001739775747357 -0.004270702479520 -0.001739775747357 -0.001344801149779 -0.001058500107669 -0.000850112830874 -0.000701458370456 -0.000591807167602 -0.000470754737734 -0.000374478866032 -0.000307014019798 -0.000267249150707 -0.000252740780646 -0.000260252624548 -0.000241478565142 
-0.000888526914830 -0.001007173066951 -0.001229503684464 -0.001583697881579 -0.002222944944946 -0.001852677851739 -0.001851120873336 -0.001537911395154 -0.001245260959286 -0.001006504544720 -0.000826258268588 -0.000703687411669 -0.000647307866600 -0.000479472285240 -0.000368043476294 -0.000291824276298 -0.000243701205422 -0.000218354231287 -0.000207859665236 -0.000197680544179 
-0.000840557976240 -0.000946783152470 -0.001133752102954 -0.001383463766745 -0.001638876913387 -0.001600354231570 -0.001523167506825 -0.001336470636818 -0.001127107703799 -0.000937231187590 -0.000782318518787 -0.000663135576523 -0.000567989238557 -0.000452803977938 -0.000353076994476 -0.000276523138552 -0.000223326350569 -0.000190241830501 -0.000171719360163 -0.000161836529580 
-0.000799388920739 -0.000890707004639 -0.001041433897095 -0.001220015656680 -0.001368823134305 -0.001396048499274 -0.001322886961698 -0.001187435726953 -0.001027920708136 -0.000873735959014 -0.000739023344863 -0.000625860330508 -0.000527555913492 -0.000430687921699 -0.000338510625653 -0.000263206400468 -0.000207620177560 -0.000170200744807 -0.000147547041453 -0.000136514802115 
-0.000778715167750 -0.000859610793504 -0.000988019811134 -0.001131671003749 -0.001242914001680 -0.001267473594359 -0.001208593552880 -0.001096392043207 -0.000962217192157 -0.000828643809762 -0.000706734248563 -0.000599035548969 -0.000503806872909 -0.000417524734039 -0.000326620812037 -0.000252902336792 -0.000197179532540 -0.000158097944814 -0.000133499876554 -0.000121551009882 
-0.000786456653477 -0.000863379708669 -0.000984811470124 -0.001121768176559 -0.001232917158178 -0.001246312708506 -0.001177957689223 -0.001063365549246 -0.000933125873716 -0.000805319886190 -0.000687283492131 -0.000580205555275 -0.000483449204560 -0.000395476466502 -0.000313633037181 -0.000245212576416 -0.000192042151251 -0.000153356963463 -0.000128179821735 -0.000115754595504 
-0.000823099928800 -0.000901570588666 -0.001027419364626 -0.001178375674798 -0.001342445409918 -0.001332441959215 -0.001225469257304 -0.001081984272859 -0.000936985822465 -0.000802699280245 -0.000681003986225 -0.000570473097518 -0.000470725767036 -0.000382266373877 -0.000305450526301 -0.000242457666073 -0.000193060260514 -0.000155539221794 -0.000130202327540 -0.000117442320943 
-0.000882754223713 -0.000966478878102 -0.001099844456818 -0.001252246976669 -0.001420516788845 -0.001535963934274 -0.001339428231673 -0.001136737254495 -0.000964586893092 -0.000818236464170 -0.000689466872796 -0.000572647734842 -0.000468146365780 -0.000378245150261 -0.000304311597343 -0.000246315930009 -0.000201303832601 -0.000164013978683 -0.000137802659531 -0.000124403697463 
-0.000955074360389 -0.001049585728940 -0.001201491688115 -0.001343515443054 -0.001571176592590 -0.002067361007598 -0.001486699004554 -0.001193435789739 -0.000999881981222 -0.000848515901272 -0.000716163530029 -0.000591065733077 -0.000478447110130 -0.000384125471535 -0.000310556445194 -0.000256980101147 -0.000218246184480 -0.000177153975630 -0.000148231513617 -0.000133632073899 
-0.001024109201565 -0.001133617147878 -0.001344251566519 -0.001379192232136 -0.001473368430114 -0.001568175087779 -0.001372393831474 -0.001181290207957 -0.001024819661298 -0.000892065172507 -0.000768077755969 -0.000629904943414 -0.000502803026564 -0.000399095495169 -0.000321848809196 -0.000270862726828 -0.000248021748566 -0.000190161755335 -0.000157020979412 -0.000141261684635 
-0.001073567390327 -0.001164911690498 -0.001301792833826 -0.001386123236694 -0.001408119315668 -0.001390991435855 -0.001286979746542 -0.001166704025863 -0.001055952360938 -0.000956283348572 -0.000864166705450 -0.000691002775566 -0.000538252160214 -0.000419742376193 -0.000332938958968 -0.000271958955524 -0.000229235269451 -0.000187347743405 -0.000158362303404 -0.000143583240997 
-0.001131291729225 -0.001217154303774 -0.001356874815539 -0.001495401157369 -0.001425333404521 -0.001344485378570 -0.001258428459870 -0.001176072956102 -0.001101967414367 -0.001035766139803 -0.001061175029007 -0.000761511595655 -0.000573502669715 -0.000441640453865 -0.000346108977671 -0.000275175659342 -0.000222563435865 -0.000181889688317 -0.000154219838053 -0.000139987447777 
-0.001210062079892 -0.001290621483851 -0.001465499165826 -0.001845804460069 -0.001499549270495 -0.001353211422782 -0.001270534525904 -0.001208801724316 -0.001156086438025 -0.001037166066404 -0.000930762073406 -0.000746888301426 -0.000585493305398 -0.000459497300407 -0.000362599479241 -0.000282545371582 -0.000220700221878 -0.000175670794521 -0.000146238303226 -0.000131510927333 
-0.001315864547609 -0.001346407767398 -0.001416060311877 -0.001508592351697 -0.001421626842043 -0.001352344319255 -0.001307931034753 -0.001260260931263 -0.001175453921413 -0.001046070913351 -0.000902161722297 -0.000741214040369 -0.000595642176345 -0.000478806578977 -0.000387289061915 -0.000293889158323 -0.000220917966341 -0.000169356092639 -0.000136681452114 -0.000120759993377 
-0.001492941743689 -0.001443023472615 -0.001412233605637 -0.001409498756163 -0.001388893965589 -0.001386544017487 -0.001398171100862 -0.001386094011734 -0.001268311391683 -0.001101230650301 -0.000925594439498 -0.000757423103352 -0.000612262491838 -0.000500359739505 -0.000430423340937 -0.000304928806119 -0.000219868254020 -0.000162533660750 -0.000126980355404 -0.000109901874426 
-0.001805140423556 -0.001597006983471 -0.001457925338046 -0.001403780222100 -0.001409393394531 -0.001467309035968 -0.001557867046295 -0.001654394024612 -0.001445440831939 -0.001203763702065 -0.000984258636048 -0.000794296453096 -0.000634725982249 -0.000505320381008 -0.000400333364591 -0.000295832830897 -0.000213500114823 -0.000155128899692 -0.000118309217967 -0.000100542133970 
-0.002378107655657 -0.001748550893133 -0.001497343057924 -0.001419056177914 -0.001449954107493 -0.001568173258380 -0.001739775747357 -0.002251749547843 -0.001685911291916 -0.001325284634151 -0.001062271218512 -0.000852486923496 -0.000675934084087 -0.000526704935174 -0.000401547512288 -0.000294748996091 -0.000210999754982 -0.000150999801839 -0.000112862513264 -0.000094385234785 
-0.001790832898267 -0.001580233949035 -0.001441488531371 -0.001406547374111 -0.001472606487076 -0.001654980026887 -0.002054170401206 -0.004070116124328 -0.001739775747357 -0.001390290333475 -0.001141583020647 -0.000937627879851 -0.000749322423343 -0.000578016417051 -0.000430838064226 -0.000310697473604 -0.000218912833640 -0.000153979722207 -0.000112948496140 -0.000093112846487 
-0.001468094653401 -0.001404261223775 -0.001359741543695 -0.001373946338644 -0.001448143606228 -0.001565600336196 -0.001716716423742 -0.001739775747357 -0.001583313687420 -0.001398384545634 -0.001236612839972 -0.001074632444943 -0.000873984912300 -0.000669306932709 -0.000489846869785 -0.000346662810515 -0.000240147402476 -0.000166254437184 -0.000120116361879 -0.000097944854731 
-0.001272538466644 -0.001271035792645 -0.001292254161825 -0.001358073464374 -0.001449826083571 -0.001495063150790 -0.001535206015883 -0.001538246637857 -0.001490582759173 -0.001437872389455 -0.001397654376076 -0.001321205384945 -0.001075481995103 -0.000805627527105 -0.000576148445630 -0.000400515395013 -0.000273945104689 -0.000187857187092 -0.000134680203105 -0.000109258855005 
-0.001133271903838 -0.001165903562875 -0.001241782504367 -0.001382352789298 -0.001560580679566 -0.001489543989303 -0.001443874586628 -0.001436320071389 -0.001458350936882 -0.001526900205085 -0.001659735226819 -0.001802363290941 -0.001371813368905 -0.000973162163518 -0.000675342088374 -0.000463486600315 -0.000315870816541 -0.000216671295735 -0.000155561439364 -0.000126354756945 
-0.001008610145672 -0.001060766828463 -0.001177889276491 -0.001419760274450 -0.001961839983515 -0.001517761354689 -0.001379832095718 -0.001370449146462 -0.001444078743396 -0.001612324961820 -0.001965404251016 -0.002899851851826 -0.001697788757680 -0.001108541863528 -0.000754962197985 -0.000520995701169 -0.000359141798810 -0.000249063384767 -0.000180401485061 -0.000147346204980 
-0.000889995996304 -0.000941383243946 -0.001040681132838 -0.001195352901578 -0.001373532945466 -0.001299071589440 -0.001260042309743 -0.001294172365648 -0.001399574347289 -0.001564097862574 -0.001724543620996 -0.001881818892437 -0.001463945664471 -0.001073071993582 -0.000778215499990 -0.000562102251856 -0.000398482545741 -0.000281108148393 -0.000205842076064 -0.000169165831409 
-0.000793842540559 -0.000838103265497 -0.000913226514623 -0.001010991865071 -0.001101214008819 -0.001122127975334 -0.001149580534890 -0.001222553801573 -0.001354284611712 -0.001555675665634 -0.001530225792282 -0.001486131336073 -0.001263398255958 -0.001005316958656 -0.000780191939111 -0.000598105428173 -0.000433649170276 -0.000309084610490 -0.000227665592624 -0.000187738584238 
-0.000740032541075 -0.000779353714658 -0.000841134577291 -0.000915493247741 -0.000984004787794 -0.001030497808203 -0.001084571174088 -0.001170121720456 -0.001287036686968 -0.001399274486961 -0.001400611742455 -0.001328345224563 -0.001163487697549 -0.000965816637228 -0.000786202890146 -0.000645763325411 -0.000461258973068 -0.000327215417123 -0.000240786116761 -0.000198615240636 
