0.001935033072003 0.002341884940880 0.003008064835837 0.003842512099290 0.004712320204417 0.005516082382025 0.006296380899974 0.007073234366940 0.007798833602059 0.008377571493027 0.008713471453191 0.008757853568837 0.008537188209165 0.008168409079746 0.007772240923349 0.007376817754780 0.006859886571484 0.006004188230379 0.005204086664059 0.004740332262107 
0.002389430857591 0.002838538380504 0.003579836647426 0.004527333363787 0.005534462261462 0.006480220132018 0.007433257821380 0.008402266445008 0.009310543241522 0.010025403420501 0.010415594085706 0.010408210162984 0.010007065809837 0.009403558274932 0.008813268210853 0.008349366746582 0.007903954970360 0.006650518383427 0.005607005031236 0.005042542476352 
0.003260115690145 0.003767398470888 0.004610280124206 0.005716097128145 0.006938646675826 0.008158081217589 0.009451165650899 0.010801743935199 0.012083642882194 0.013087320651781 0.013604875401433 0.013524136109856 0.012705935443740 0.011560629035378 0.010512240468907 0.009885454782988 0.010145711050895 0.007586793820271 0.006114917368727 0.005405169179429 
0.004665820592551 0.005214324293247 0.006123204521215 0.007350926824477 0.008808468515892 0.010423511282803 0.012220998170755 0.014155983985713 0.016045628272978 0.017542707336783 0.018293555279159 0.018272234885077 0.016606828874515 0.014426170549545 0.012442232494632 0.010910634618189 0.009696288961122 0.007827698709297 0.006400993188626 0.005659577674854 
0.006774452506225 0.007328063544417 0.008247177908531 0.009544888147884 0.011207280586367 0.013218802256483 0.015594614838260 0.018297665403725 0.021109957575758 0.023406088409424 0.024402424192308 0.025327043072667 0.021720950228084 0.017777083275556 0.014499792700542 0.012005954206148 0.010101723777023 0.008035002674149 0.006555401471341 0.005790948990355 
0.009759567040348 0.010254426747149 0.011083533107859 0.012340113493776 0.014092213811133 0.016389184662855 0.019301354481825 0.022912727264340 0.027167539414790 0.030909584517912 0.030909584517912 0.037277594277286 0.027690028273235 0.021045003243351 0.016315925701615 0.012869862970497 0.010258783483251 0.008122060059328 0.006617364771313 0.005843720644198 
0.013768414291259 0.014099921677459 0.014665401718871 0.015689773059079 0.017324069636386 0.019670074881901 0.022883316714854 0.027319651821352 0.033990799368212 0.046122294013374 0.077298715043728 0.045251069866333 0.031098957932904 0.022939378713609 0.017446313967557 0.013472280706752 0.010493841789150 0.008243806335879 0.006708336931942 0.005927239515298 
0.018923649163500 0.018933914084438 0.018944506462281 0.019477395430808 0.020734402364120 0.022784508445499 0.025752951736842 0.029834109916583 0.035568282352695 0.042366628148211 0.047359235896665 0.035441092408870 0.028879722589008 0.022726478275309 0.017736345244369 0.013818670222882 0.010784636269809 0.008504903885203 0.006959054524773 0.006174383311820 
0.025360302598266 0.024839328274291 0.023733109689673 0.023503365640630 0.024189467810603 0.025643513493726 0.027955336686633 0.030909584517912 0.036251964313453 0.040497246317440 0.034347784077527 0.030909584517912 0.026623992180482 0.021952604897333 0.017713720925313 0.014144470714333 0.011258335683775 0.009034070508100 0.007500211613717 0.006713508494492 
0.033275337971918 0.032126062063438 0.028434709017140 0.027389729903158 0.027574410994154 0.028224603411821 0.029869185467576 0.032775957247627 0.038172472675015 0.049063923542045 0.030909584517912 0.028641235533259 0.025184744448673 0.021410411365240 0.017852154307236 0.014735238944974 0.012104708469495 0.009975787386087 0.008447179625368 0.007643891306522 
0.042823317269628 0.042355514594931 0.030909584517912 0.030522333650895 0.030909584517912 0.030266630020494 0.030937061324479 0.032465621200133 0.034822679388586 0.036758627284145 0.031278961938856 0.027877613084213 0.024606609822409 0.021387385458389 0.018432703737372 0.015833593070442 0.013530003756904 0.011470328833135 0.009877329594304 0.009007795112676 
0.053660272128314 0.069226291033504 0.030909584517912 0.033007971949800 0.036580803859495 0.031231796434084 0.031520211750076 0.031724454075204 0.032300756912412 0.032236140731099 0.029952072170067 0.027466551952802 0.024613966405967 0.021887537411730 0.019564984618363 0.017633718440141 0.015785937294694 0.013650105994651 0.011801066049713 0.010753838833039 
0.048977122914129 0.048000118299075 0.030909584517912 0.034065335834093 0.051189615461277 0.036428900946018 0.032426509955424 0.030909584517912 0.030883915653880 0.030436834505317 0.029324576163550 0.027951089397953 0.025163918475942 0.022787048156072 0.021201444148603 0.020303774265768 0.019340737570435 0.016643312007206 0.014107134782489 0.012682339036943 
0.045363766722601 0.042916756315907 0.031671613098374 0.038221593113705 0.039207981299794 0.030909584517912 0.030909584517912 0.030648523044113 0.030317801308136 0.029815278738357 0.029418999427153 0.030234746407977 0.025932431145812 0.023681272401638 0.023001864989002 0.023895166944768 0.025496529220037 0.020474157901654 0.016423552117496 0.014371615307998 
0.044341856910557 0.046659370691958 0.041019499068220 0.047941442222560 0.036511132106280 0.030909584517912 0.031014894655715 0.030683770292788 0.030347335733121 0.029556030925198 0.028630427325545 0.027525807756440 0.025241923168023 0.023779064412315 0.024029100278481 0.027479480019630 0.038837464702591 0.024191778803048 0.017795307656798 0.015151762727033 
0.041243806772991 0.040928636779375 0.037879470666771 0.033431406168593 0.033784222382229 0.032163746949627 0.031642632540126 0.030909584517912 0.031198277019451 0.029867449616012 0.028447773662310 0.026492651527253 0.024437118010226 0.022988041819059 0.022646172890606 0.023694362772430 0.025369537907120 0.020436482674670 0.016444763749510 0.014420700210594 
0.038969645747164 0.038264745035532 0.036350732029934 0.034096367620451 0.033154605702154 0.032416826757204 0.032511564995675 0.042200741901951 0.033936371319699 0.030605277090261 0.029130823752521 0.026138598153802 0.023814629444888 0.021993536628354 0.020779568422305 0.020100777434727 0.019270627371753 0.016683206787404 0.014223375246110 0.012836683152318 
0.038119837251215 0.037338361521779 0.035586887056045 0.033777448974782 0.032602923630288 0.032024871439253 0.032366793734160 0.034338730062177 0.031970676470119 0.029705269611703 0.027866336390595 0.025692666808531 0.023512875148460 0.021350412374566 0.019380784098068 0.017652789401535 0.015930388140739 0.013887760250103 0.012103777581866 0.011089952776150 
0.038845843948463 0.037983283528496 0.035403246168619 0.033285139582190 0.031880468482591 0.031084131455895 0.030890495513484 0.031085659502555 0.030193102332471 0.028733002329918 0.027366051111198 0.025887368270461 0.024018847164351 0.021475295534720 0.018774584096481 0.016266526489135 0.014010807520640 0.011993285735832 0.010435871800211 0.009586787999689 
0.041136213747440 0.040868011812263 0.035230192778830 0.032540551328003 0.031045005050867 0.030038186511264 0.029472350597685 0.029272315131626 0.029226197143622 0.028061174883710 0.027460447003434 0.027056196092798 0.025943593769632 0.022648855181831 0.018967889075489 0.015682168309871 0.012959259110812 0.010804298322167 0.009281262344536 0.008487578910180 
0.044165137208294 0.049411889483618 0.032378452221446 0.030909584517912 0.030208462477988 0.029126874598616 0.028243297681771 0.027688837992503 0.027406519961111 0.027229830463127 0.027782393457900 0.029306473412937 0.030612970165149 0.024968601927921 0.019661917591364 0.015516535461415 0.012388603515546 0.010099306198772 0.008572121701340 0.007801607091089 
0.042153256372725 0.041163027420913 0.034582983498223 0.032016935260483 0.030216067789746 0.028664147598238 0.027395743214900 0.026507707029022 0.026073269950436 0.026226312250728 0.027483719531347 0.030909584517912 0.042535143682782 0.027567000391046 0.019986765159144 0.015223935011733 0.011942368288092 0.009665065893117 0.008199188925421 0.007470553028396 
0.041274758698328 0.038562612150431 0.035079941454758 0.032623506990433 0.030485843044969 0.028626796849800 0.027002310076605 0.025756237497420 0.025012986768019 0.024878481218040 0.025502936785490 0.026962141260888 0.028710863826696 0.023349941087074 0.018240728446792 0.014280303081048 0.011379381397059 0.009361866791982 0.008079704689601 0.007429849650088 
0.043198824728316 0.036830432148005 0.034716593711901 0.033225255586545 0.030909584517912 0.029053096821220 0.027112730235218 0.025500290409311 0.024377767062486 0.023748414221326 0.023508476761070 0.023368184873291 0.022618077578495 0.019606780161446 0.016141760761588 0.013106018828294 0.010778719984525 0.009182218188991 0.008200617729411 0.007631738495614 
0.030909584517912 0.030909584517912 0.033879833195546 0.034840003836106 0.031649706013487 0.030132072114358 0.027727663964673 0.025764737015427 0.024347432544197 0.023321503086178 0.022426601721364 0.021298377992139 0.019654270393465 0.017190270584598 0.014493519928602 0.012090985216957 0.010278076446361 0.009159235148025 0.008624819268997 0.008005423006703 
0.030909583817516 0.030909584517912 0.035129718920933 0.040737099103221 0.030909584517912 0.032472675867528 0.028607922169007 0.026415058713006 0.024974723439406 0.023835035869843 0.022611274843960 0.020736509049823 0.018477987642660 0.015968897573145 0.013506364351101 0.011405579099189 0.009910910260776 0.009210852698678 0.009579066701561 0.008329623059431 
0.030909584517912 0.039645910932465 0.036374587482699 0.069531634764946 0.030909584517912 0.030063497088935 0.028387823864916 0.027117279985955 0.026210038491848 0.025350347107231 0.024333395732042 0.021481963910578 0.018514804274951 0.015696430118033 0.013168004157961 0.011092998618365 0.009605015302423 0.008749271618235 0.008393431020242 0.007897076687792 
0.029333934403385 0.030909584517912 0.030909584517912 0.030909584517912 0.029495613503921 0.028825368847553 0.028324691245580 0.028137654298575 0.028109930134093 0.027674265021966 0.028436511859352 0.023100956868670 0.019302154218878 0.016128474302277 0.013428333049812 0.011251203560280 0.009657694461292 0.008635435659581 0.008059130460296 0.007717563290463 
0.026593237424005 0.027263409921590 0.027627052462900 0.027838102205374 0.027744225365663 0.027948414744968 0.028520840181430 0.029538558861807 0.030903444406615 0.029120987208371 0.027238833481761 0.023777571054606 0.020292972525750 0.017063335053612 0.014238330232398 0.011942386108367 0.010241817880646 0.009118792860975 0.008473198510267 0.008170766712103 
0.024267358473354 0.024754212666652 0.025269068420561 0.025820741470874 0.026457974210051 0.027412604250485 0.028823715209609 0.030909584517912 0.037110520132279 0.030909584517912 0.027968273947155 0.025056321955020 0.021807702672822 0.018532225358793 0.015575277281109 0.013162578850650 0.011391572046836 0.010250512655148 0.009642439534665 0.009407658689115 
0.023086249925059 0.023539164016612 0.024114057673439 0.024869364019144 0.025891181652938 0.027255794743222 0.028928413475959 0.030731071550314 0.032335683842656 0.030693088041685 0.028987680280560 0.027169173510066 0.024032833419686 0.020537100164768 0.017353747650348 0.014806551024015 0.013009282563909 0.011948868727437 0.011524139810636 0.011484040476934 
0.023369446812253 0.023769814890504 0.024256166752987 0.025007024947775 0.026158747411079 0.027700571952166 0.029441210957692 0.030909584517912 0.030909584517912 0.030698134233611 0.030359463225687 0.030909584517912 0.027130771498001 0.022945358890334 0.019358366153431 0.016641423203693 0.014859107768762 0.013990517428272 0.013988404854366 0.014469432859317 
0.025140515054189 0.025459027010349 0.025604160801170 0.026093282208326 0.027181827684948 0.028784481020484 0.030647561727377 0.034032360969267 0.031644131561194 0.030909584517912 0.030909584517912 0.050171670250967 0.030909584517912 0.025302144013199 0.021201889686824 0.018306534011208 0.016555283589500 0.015953315268733 0.016739276857864 0.018658584316907 
0.028154543541087 0.028579853446790 0.027846153477701 0.027740072425207 0.028654780379153 0.030264902512749 0.030643995515291 0.030909584517912 0.030831568511318 0.030991996278075 0.032350971473868 0.036665773336527 0.031979830353255 0.026567465307143 0.022413586508220 0.019390559799091 0.017563629866687 0.017099951456263 0.018894532947474 0.025153921788882 
0.031764291631839 0.033571866922123 0.030294782858638 0.029222224634409 0.030113389066531 0.033329166163036 0.030909584517912 0.030482435652682 0.030077404830825 0.030205905926901 0.031110765114248 0.032327674262592 0.030676867974270 0.026983340847488 0.023015179255537 0.019697168479249 0.017442799208623 0.016452344872042 0.016964946383366 0.018730012706498 
0.034027190935776 0.039472612341528 0.030909584517912 0.029308209284432 0.029646942187376 0.031186487851806 0.030909584517912 0.030315282276837 0.029266102310344 0.029155130687693 0.029989592758481 0.031188717263837 0.031768476675871 0.028178238824007 0.023578102686292 0.019562456035383 0.016654965647844 0.014960149661556 0.014414970829169 0.014620242529489 
0.031181792434414 0.031888372256240 0.029212775779821 0.027953942867391 0.028384554638820 0.030940919137419 0.039962793532246 0.030909584517912 0.028100381331706 0.027756299562086 0.028954816768097 0.030943115062086 0.037400205760821 0.030909584517912 0.024248560401938 0.019101676515825 0.015483359077720 0.013187750797098 0.011986255334479 0.011567782346948 
0.028638415370848 0.028220224665302 0.026725490418616 0.025607914722957 0.025505184653839 0.026619915988531 0.028642220454175 0.026393288032106 0.025132615875376 0.025453891004891 0.027500687748663 0.031933631707763 0.056192626179189 0.034395994031839 0.024125719500993 0.017986366600452 0.013953934132477 0.011340203330212 0.009814950785578 0.009139540993408 
0.027402005874895 0.026459316413385 0.024776144111703 0.023217809108126 0.022321503768480 0.022180596194004 0.022373015935915 0.021721463783894 0.021462927820481 0.022174495754189 0.024097244113126 0.027460714038140 0.032568099097882 0.026825603021098 0.020613636386356 0.015681804390458 0.012034867592207 0.009499075140828 0.007920857349383 0.007173566033503 
0.028017099786380 0.026324952211384 0.023740392725926 0.021324637297280 0.019584471194462 0.018593353167012 0.018116666683377 0.017801398326114 0.017894365553892 0.018586878733546 0.019895649557773 0.021571844801072 0.022699724594000 0.020255627052388 0.016591509949191 0.013025187041813 0.010045459491716 0.007806683780782 0.006335947263512 0.005612902175157 
0.030909584517912 0.027817751506814 0.023554985926286 0.019995499193237 0.017464935732020 0.015900226067928 0.015090666309025 0.014798765048050 0.014932751581409 0.015417679362278 0.016155665982665 0.016868778472604 0.016959909626500 0.015577002679027 0.013279881871428 0.010708006809784 0.008327897679886 0.006413927921300 0.005099816406107 0.004436483789697 
0.060876344333570 0.030909584517912 0.023589080596011 0.018887922710094 0.015819117355193 0.013964546848713 0.013039174430910 0.012770273850543 0.012879477447440 0.013090573011117 0.013368041192992 0.013575640744505 0.013413555454744 0.012555990257368 0.011052771070581 0.009085483749936 0.007094872089857 0.005414377786854 0.004228162134508 0.003620223599707 
0.038659428045790 0.028499260049877 0.021891960900452 0.017405547943070 0.014418459689003 0.012628345518194 0.011818124172544 0.011727336246959 0.011928608209238 0.011756771708165 0.011578216519642 0.011471360001396 0.011313473267971 0.010912324403839 0.010042578508088 0.008292706943482 0.006411102436233 0.004816239872558 0.003692888198292 0.003117676255827 
0.027285148823559 0.023279680497612 0.019127575275798 0.015727614362652 0.013269501336418 0.011787759432613 0.011264352737591 0.011600864022355 0.012361557558471 0.011347923025949 0.010556731159301 0.010182308886107 0.010152715686544 0.010380254374961 0.010535642191558 0.008316255393144 0.006187468301874 0.004535128800491 0.003419774825352 0.002858425729118 
0.021023260941971 0.019250266272091 0.016806710719448 0.014439517807405 0.012544142894674 0.011356034267637 0.011063769510380 0.011987517408754 0.015179244555985 0.011401432942660 0.009812269251362 0.009208214423264 0.009326852543102 0.010410065808610 0.013784680298189 0.008778906298615 0.006115288187801 0.004401942384811 0.003306855376772 0.002763413023396 
0.017907583021189 0.017098354051186 0.015668901298299 0.013985125572205 0.012419312876077 0.011256871230697 0.010671893600256 0.010724836058718 0.011101880187789 0.009738561031066 0.008641347403180 0.008071552582553 0.008031232784662 0.008468042773899 0.009015101231473 0.007301103256984 0.005622724910856 0.004247876858922 0.003275689707622 0.002773248748733 
0.017082345037523 0.016811006435742 0.016010763743190 0.014621532354931 0.013063334372268 0.011668604285019 0.010575785946810 0.009839557099546 0.009252417857774 0.008307193330712 0.007460910308625 0.006928085057926 0.006749612322866 0.006830137620378 0.006854185254484 0.006200500377694 0.005300854883411 0.004220025581305 0.003342294730441 0.002866415010503 
0.017966299620092 0.018214009089993 0.018029876701989 0.016463496789587 0.014530622005325 0.012700498062862 0.010959586941830 0.009522091220272 0.008361460443412 0.007329194154475 0.006506706022915 0.005969533791583 0.005731319066290 0.005725759206328 0.005796009278713 0.005749998621692 0.005565142784808 0.004448855196613 0.003515813480937 0.003017037922053 
0.019880011731678 0.021025581937002 0.022279499846752 0.019467816736259 0.016646335338406 0.014352270314425 0.011750206789046 0.009616829168257 0.007989280383900 0.006755132918803 0.005863979450060 0.005300432618796 0.005046933630129 0.005062025184168 0.005293877953810 0.005785355984099 0.007021676257598 0.004870266280689 0.003708809529964 0.003158140441086 
0.021713788573840 0.024450327657628 0.031073452645043 0.022992377288832 0.018712217780517 0.016722582733978 0.012629593441747 0.009845411908452 0.007889127658410 0.006501394563234 0.005547286928102 0.004960408801488 0.004700504986784 0.004723050985178 0.004965519015102 0.005333206517160 0.005574125240742 0.004607993110131 0.003705482660627 0.003207533047161 
