0.003354305834305 0.003353282248124 0.003286577245731 0.003144400350134 0.002911217432936 0.002581173563588 0.002214620192333 0.001866549268586 0.001565778729998 0.001315077637300 0.001100388563415 0.000903978125842 0.000716655541314 0.000541622891979 0.000387973036228 0.000263520429793 0.000171229348591 0.000109106204471 0.000072138321350 0.000055066844717 
0.003495539547511 0.003526156006532 0.003463526626540 0.003338582162890 0.003122122197534 0.002759589124378 0.002366007883187 0.002008891806044 0.001713865112383 0.001474894263006 0.001267307422091 0.001064195347258 0.000854724400986 0.000649710758282 0.000466127410728 0.000316290800453 0.000204632931324 0.000128947579799 0.000083470202972 0.000062306395805 
0.003692205444735 0.003845105169331 0.003760259304040 0.003683811557458 0.003542120484997 0.003073482815187 0.002617001471856 0.002244076006447 0.001967210415737 0.001761114147556 0.001577935906691 0.001366704217946 0.001110897939466 0.000844281258732 0.000602281158315 0.000405372481561 0.000259425787700 0.000160724304445 0.000101337849462 0.000073662056699 
0.003779998961334 0.003911215309178 0.004075785948157 0.004118139204285 0.004086422184496 0.003461773071579 0.002911092359695 0.002529155279893 0.002298797125581 0.002165941913735 0.002046793540200 0.001833904777747 0.001489900900081 0.001117264782110 0.000784778533559 0.000520686583852 0.000328661767014 0.000200369717670 0.000123668739090 0.000088049719396 
0.003778068699974 0.003964998323873 0.004535603351496 0.004651891729937 0.005255292202849 0.003864535389191 0.003161764436358 0.002801578274050 0.002666328614985 0.002674353310120 0.002710728765882 0.002526846154373 0.001993472711798 0.001445641257715 0.000989062837647 0.000643710578164 0.000400369224844 0.000240851414025 0.000146503049472 0.000102947996784 
0.003626899271513 0.003650574220613 0.005464428298741 0.004721068272787 0.004360309883293 0.003678470258181 0.003201809135336 0.002983750752112 0.003004956985471 0.003236671138149 0.003650574220613 0.003623972153358 0.002586544966279 0.001769282231292 0.001170452867681 0.000746652187129 0.000458478426809 0.000273220903189 0.000164810684230 0.000115045185804 
0.003488676677589 0.003650574220613 0.005683136341291 0.004462866322219 0.003872073288481 0.003419038386572 0.003131439916934 0.003060632812037 0.003225671348801 0.003650574220613 0.009330407901581 0.004901006385936 0.003016170216461 0.001953992309575 0.001264003335366 0.000797740248360 0.000487000940574 0.000289210726347 0.000174075093105 0.000121366926961 
0.003252102207972 0.003395887315301 0.003650574220613 0.003655378530928 0.003407879660623 0.003155883295174 0.003011048608280 0.003038664528979 0.003260897690475 0.003650574220613 0.005068275336876 0.003650574220613 0.002678153503860 0.001845349210078 0.001221883535875 0.000778757974397 0.000477775994912 0.000284753008542 0.000172050086834 0.000120389554758 
0.003007223750754 0.003104065791889 0.003217707830150 0.003223780265771 0.003114631279228 0.002975262399199 0.002901455925937 0.002967483802107 0.003206616252422 0.003567306759379 0.003650574220613 0.002983313486069 0.002260701974803 0.001610236617243 0.001089900770799 0.000704245572440 0.000436086776545 0.000261947982244 0.000159612932290 0.000112550261245 
0.002878346491136 0.002955903078402 0.003039452196704 0.003076463017994 0.003040759554409 0.002928754298023 0.002841314472844 0.002875380335439 0.003122672748065 0.003788392031927 0.003041109047390 0.002425832217277 0.001848813262607 0.001336089722206 0.000916784419121 0.000598907680510 0.000374305582747 0.000227021826928 0.000140008100093 0.000099875454925 
0.002927558783056 0.003001019242670 0.003088519858542 0.003175378740033 0.003216634293718 0.003039976331782 0.002837802880701 0.002718887622224 0.002708733185056 0.002733999750431 0.002361067278287 0.001911536132262 0.001466593814688 0.001067346684080 0.000737642053101 0.000485250113278 0.000305622558268 0.000187356872064 0.000117386424774 0.000085091743476 
0.003155546952502 0.003223251895287 0.003298293239816 0.003448789134793 0.003717503933306 0.003311134099074 0.002902397751363 0.002598846271130 0.002379173684349 0.002172382556089 0.001856095014911 0.001496984175972 0.001145579444744 0.000833052734032 0.000576245899451 0.000380132449885 0.000240836072744 0.000149396796190 0.000095507634484 0.000070697538671 
0.003527111467222 0.003587129184044 0.003536544722940 0.003650574220613 0.005998649881207 0.003650574220613 0.002976456120035 0.002527367354835 0.002167726062694 0.001843922989751 0.001515511079242 0.001194476357688 0.000900715209736 0.000648982770380 0.000446708530535 0.000294426832803 0.000187374070515 0.000117733766960 0.000077031681752 0.000058385609960 
0.003991900642735 0.004154002263068 0.003650574220613 0.004043602100237 0.003964442358736 0.003422424598898 0.002911019028295 0.002482078534073 0.002049399089509 0.001652935389618 0.001299888953930 0.000992396618945 0.000732443630140 0.000520769069289 0.000355991600928 0.000234307517868 0.000149793786892 0.000095283971864 0.000063628408595 0.000049167741964 
0.004396265981336 0.005421898857000 0.003950338036477 0.004908817601022 0.003650574220613 0.003205623934198 0.002839760965928 0.002537970465797 0.002014490653119 0.001550919304034 0.001174257952749 0.000873428997796 0.000635286893107 0.000449252458128 0.000307436531197 0.000203424300686 0.000131083370719 0.000084160741521 0.000056709585009 0.000044082705388 
0.003857354247491 0.004043647204368 0.003650574220613 0.003734780716055 0.003298071685417 0.002966779768749 0.002772365736215 0.002879638260777 0.002025298966618 0.001490526111766 0.001108624114513 0.000823352824073 0.000605375017946 0.000435812374307 0.000304201376536 0.000204941705476 0.000133811191049 0.000086333722761 0.000057850103483 0.000044522025289 
0.003269251911906 0.003317034803130 0.003220593515352 0.003149530126142 0.002920839596382 0.002675932970458 0.002464990728851 0.002267711282208 0.001814625124026 0.001405191462652 0.001083326746602 0.000838582237159 0.000646731528059 0.000486532824857 0.000351478600027 0.000242434451423 0.000160269036867 0.000103364173779 0.000068295834846 0.000051633248413 
0.002835423369837 0.002885380100095 0.002893973214056 0.002850764586081 0.002687044753001 0.002471069235474 0.002248175425972 0.002005652937959 0.001677477277555 0.001367219848046 0.001120991631483 0.000934766046721 0.000776450248476 0.000614576200536 0.000456612121529 0.000318979735646 0.000211376918038 0.000135430227765 0.000088132078711 0.000065566444294 
0.002597341771230 0.002687930721385 0.002791316701817 0.002830526098467 0.002654237510676 0.002409795992538 0.002170794508999 0.001938310512547 0.001647595868633 0.001404315245100 0.001240248767062 0.001136275990828 0.001028147777521 0.000840383947501 0.000626140458617 0.000433884365491 0.000284303306084 0.000179874818186 0.000115438120850 0.000084906497517 
0.002529261322690 0.002679850487822 0.002926862897718 0.003174666304753 0.002830941088733 0.002472813922551 0.002192868080538 0.002007927884410 0.001687361011124 0.001499656913047 0.001438964747467 0.001470468055382 0.001471581994503 0.001190305527473 0.000857648993872 0.000576447751131 0.000369202244365 0.000229853665514 0.000145863624403 0.000106597504717 
0.002561187110633 0.002762103603883 0.003204873532123 0.004205330905506 0.003132776473894 0.002567451001591 0.002196504514713 0.001930202942206 0.001703532183636 0.001604173525934 0.001680962092729 0.001953279140523 0.002294233718837 0.001680233432884 0.001118719485161 0.000716455231617 0.000446655023675 0.000274409745854 0.000173425362420 0.000126864779423 
0.002618106386068 0.002763166107166 0.003021352946837 0.003302633988231 0.003004021402435 0.002570043269159 0.002202564241405 0.001920561615939 0.001726067969901 0.001676472195760 0.001859878025779 0.002468896591331 0.004134034147211 0.002192654317006 0.001298014070139 0.000796616513867 0.000490469154844 0.000302127179958 0.000193331393330 0.000143459405210 
0.002725708779863 0.002795905329331 0.002920579184144 0.003043842745611 0.003067141804011 0.002603684595959 0.002245820558069 0.001961863497996 0.001756161770242 0.001668872916889 0.001746154788644 0.002011674652353 0.002343162779708 0.001726561867624 0.001162794238558 0.000757888697582 0.000485125136225 0.000309943720143 0.000206575119869 0.000158682624641 
0.002916881578041 0.002898521811231 0.002922985193683 0.002944861519221 0.002876997268065 0.002623243440013 0.002341762725113 0.002072782396168 0.001828503698469 0.001657809315520 0.001590457121048 0.001606352735464 0.001591045144447 0.001299084539061 0.000958853124180 0.000671169640531 0.000457559161521 0.000312160360204 0.000223327948957 0.000181374376201 
0.003216474205833 0.003058017804736 0.003027424827437 0.003020527446508 0.002949812228520 0.002770656575010 0.002548486749531 0.002301068751782 0.001983827841887 0.001704780195622 0.001505821285136 0.001370381766626 0.001236523285806 0.001030994924993 0.000804939009092 0.000603509869291 0.000444956237674 0.000331839329481 0.000260399009693 0.000225974120093 
0.003187709712966 0.003170067784806 0.003200350566050 0.003247807124173 0.003215571426524 0.003053666804040 0.002885570548972 0.002718017428113 0.002239875970872 0.001822564557092 0.001509449269831 0.001276969999351 0.001086449451151 0.000905175650097 0.000737287880288 0.000593170302898 0.000477258780899 0.000391956678879 0.000336764837210 0.000309712862514 
0.003265748886750 0.003320833464375 0.003437532349736 0.003629730625302 0.003680242046944 0.003411087945849 0.003293126936801 0.003517853114307 0.002544712268309 0.001967353701238 0.001571598234554 0.001279907158310 0.001059230327952 0.000889034981845 0.000758580281370 0.000657330409928 0.000573550142151 0.000510537970276 0.000469620878879 0.000449246515256 
0.003405800433716 0.003491983784776 0.003650574220613 0.004202345817623 0.004507078022679 0.003650574220613 0.003388087546444 0.003104215784275 0.002534924243247 0.002039204891787 0.001649442457281 0.001336051414429 0.001104343062540 0.000949552003291 0.000857697606979 0.000802187990423 0.000742397391391 0.000697848905295 0.000671460274358 0.000657442621661 
0.003579714958880 0.003650435555377 0.003650574220613 0.005039109539567 0.006509842066039 0.004333642120854 0.003537242999403 0.003025044284436 0.002527472406824 0.002095376746775 0.001746477319172 0.001416179676344 0.001181657372145 0.001051375576384 0.001014038762070 0.001034708031793 0.000980008934283 0.000953389034301 0.000949124220077 0.000940782477685 
0.003798669668811 0.003934499326053 0.004359920461348 0.006215528253233 0.012166875491380 0.003650574220613 0.003442257057616 0.002991541823288 0.002528101793141 0.002140199137786 0.001883966445834 0.001486972746283 0.001251081756818 0.001150967461234 0.001185469018163 0.001394195998253 0.001255404181001 0.001260996109931 0.001309680441656 0.001296887437200 
0.003990568009658 0.003983948713608 0.003650574220613 0.005184160722483 0.005908451255875 0.004395330422107 0.003636690085007 0.003040390576895 0.002530030470034 0.002110672786783 0.001778726778903 0.001475283355218 0.001277204127017 0.001198985741052 0.001234405495359 0.001353334317762 0.001433146130190 0.001583257086227 0.001792890682730 0.001704820192420 
0.004284957652542 0.004403917265722 0.004532632299006 0.004964562881684 0.004984900079280 0.004415976880982 0.003728949099278 0.003087392049700 0.002537395185933 0.002088844435098 0.001734971485204 0.001460837158507 0.001287523360486 0.001224782529367 0.001268027737480 0.001397735978419 0.001584448022674 0.001887217222956 0.002608262545705 0.002066568805108 
0.004542121076507 0.004851396829284 0.005424065090271 0.005165241682618 0.004668622493817 0.004593687029229 0.003845504661282 0.003140369420435 0.002559002535197 0.002095392672934 0.001735743821689 0.001470724083205 0.001306080735504 0.001247596943399 0.001295218874538 0.001441281527411 0.001658053582620 0.001797163688457 0.001993714524602 0.001906849525502 
0.004555647350941 0.005067498789139 0.007157226775424 0.005612191320342 0.003945147497719 0.005475848760600 0.003990154697215 0.003174636763575 0.002590362124111 0.002136049387659 0.001782056173078 0.001517695398660 0.001346821115394 0.001275765152724 0.001311110432327 0.001471451786320 0.001836526598407 0.001676530943182 0.001681312903815 0.001671970030415 
0.004102271979771 0.003720624438118 0.013709919913757 0.006581640366999 0.007749603162124 0.003650574220613 0.003530383499630 0.003083056693840 0.002620785664014 0.002214706369515 0.001877263312949 0.001607001635650 0.001416017851283 0.001311435419747 0.001292713194253 0.001350788858336 0.001451517624472 0.001424035305037 0.001409032072936 0.001399940974669 
0.004057557732422 0.003650574220613 0.007377265023673 0.006351966667777 0.005716295244253 0.003650574220613 0.003460198122148 0.003106701676159 0.002714880138749 0.002347521565383 0.002022811359080 0.001736681925840 0.001517033764622 0.001371833003717 0.001293703316733 0.001263700457352 0.001253363037849 0.001216664009057 0.001184562050012 0.001166668719630 
0.004445003339817 0.004628085148760 0.005798805187057 0.005738596895612 0.005118495094368 0.004002846280452 0.003611676211035 0.003258689169874 0.002886086398032 0.002530123310605 0.002201907220493 0.001892727249110 0.001645275514020 0.001466256626010 0.001340522097018 0.001240518669539 0.001156498343622 0.001078072191732 0.001018533787096 0.000986951551879 
0.004680527831228 0.004623592701455 0.005530453073400 0.005695140041722 0.005028664177908 0.003650574220613 0.003777933577644 0.003506270831632 0.003120449220156 0.002741233708839 0.002384212678593 0.002057601848072 0.001792064384652 0.001596001289857 0.001444595719284 0.001277235166741 0.001124882964890 0.000995539799604 0.000903682194979 0.000856634921672 
0.005007461032194 0.005307412099706 0.006015612873181 0.006494239710547 0.005658413577722 0.004805417635992 0.004383964548784 0.003927210925208 0.003412977746050 0.002992938456000 0.002596395769193 0.002237184580058 0.001951131958360 0.001757404076920 0.001628890216474 0.001355066800215 0.001121663158257 0.000941201854539 0.000820266490704 0.000760080914461 
0.005083271150406 0.005608940265357 0.006746450869450 0.008616945717727 0.006313910003536 0.005543708912337 0.005053967784715 0.004443022874998 0.003650574220613 0.003275607207601 0.002840841101162 0.002424947363813 0.002098417005779 0.001917718259430 0.001994666438400 0.001428802073575 0.001101378395704 0.000884861145846 0.000747543090880 0.000680452234331 
0.004677728207089 0.005323057061746 0.006753101864628 0.016136892213391 0.007045783028548 0.006009825793192 0.005857472028229 0.005151881327949 0.004736753875821 0.003650574220613 0.003134033419316 0.002609262707990 0.002184163380459 0.001877261104514 0.001654592501922 0.001307790048528 0.001021667547059 0.000812383487563 0.000676036509490 0.000608853660012 
0.003650574220613 0.004265367540440 0.003650574220613 0.007588224044537 0.006060841579264 0.005594022744087 0.005113510352599 0.005574056592345 0.006494871347780 0.004541307390411 0.003503250823144 0.002788262782669 0.002252005943955 0.001841827844324 0.001511612170370 0.001198429134873 0.000936900985514 0.000740369521401 0.000610510511404 0.000546068211154 
0.003764170985835 0.004443950817710 0.004952342802921 0.005850847820647 0.005305043596681 0.005192333242347 0.005298140886698 0.005536848958208 0.005602446370912 0.004557494096488 0.003628926116677 0.002894325055941 0.002310370609183 0.001840588234014 0.001456666584533 0.001134752740438 0.000877286146562 0.000686392041894 0.000560790338440 0.000498479020037 
0.004480538726102 0.004804225506777 0.005178183929479 0.005566866994467 0.005536255005808 0.005425453922777 0.005356185524219 0.005409250274256 0.005836426431188 0.004510024134330 0.003648876314461 0.002963719684685 0.002382110191270 0.001883523924641 0.001464420704559 0.001122244011511 0.000856176118077 0.000662639116270 0.000536466350831 0.000474039934573 
0.004904994096417 0.005138728748570 0.005414383823664 0.005727839344217 0.005870441585856 0.005637822613771 0.005309655597899 0.004917709049780 0.004121310537518 0.004052620364565 0.003583472569414 0.003044790942219 0.002501043089635 0.001983536391522 0.001530150618303 0.001160679437294 0.000878278426437 0.000675931845780 0.000544401665395 0.000479179791471 
0.005138504886889 0.005454079350391 0.005644334877177 0.006091683273705 0.006609010618364 0.005974134205183 0.005353022422763 0.004849572959132 0.004358582110792 0.004053816789636 0.003674841352229 0.003238280962373 0.002716335385324 0.002152980472019 0.001648689456512 0.001243681825080 0.000941274799455 0.000727653575757 0.000586803438816 0.000515975671476 
0.005104374826654 0.005308259848326 0.005648621321528 0.006412311546372 0.008520383566077 0.006323015688073 0.005308795900607 0.004805269691180 0.004453383662841 0.004190563493384 0.003900085581894 0.003604281155405 0.003075014062626 0.002384704525197 0.001799344068804 0.001353662582579 0.001034682064917 0.000813690555957 0.000659328372065 0.000579415724787 
0.004955246737095 0.005083897241719 0.005270664173603 0.005401382851762 0.006142407956370 0.005506569698372 0.004775981658321 0.004649195394775 0.004507262911360 0.004406625998001 0.004184892147947 0.004252817532836 0.003657439977232 0.002614011998215 0.001932168916994 0.001458975291640 0.001139064910953 0.000926724364355 0.000749079610011 0.000655169801558 
0.004800075787313 0.004886494393558 0.004999877001821 0.005085458215570 0.005157344194974 0.004797382469798 0.004599473407513 0.004546236742148 0.004560869285771 0.004772971925110 0.004208582304237 0.003837547584327 0.003280163382896 0.002570873722290 0.001970579554412 0.001522966710498 0.001225258438823 0.001064762494490 0.000830221460631 0.000719382622408 
0.004705497854327 0.004769839761534 0.004836384477124 0.004831829235058 0.004634584362168 0.003944214206022 0.004309177886817 0.004418711829940 0.004450580673468 0.004420058167951 0.004077505446197 0.003657106803838 0.003123303320603 0.002518971102904 0.001971107876091 0.001541846653979 0.001239566215131 0.001032316838486 0.000847817413899 0.000746672741717 
