0.000031984631363 0.000043575028750 0.000066277955358 0.000102785758576 0.000155982961393 0.000228056863578 0.000319553411220 0.000428645891541 0.000550350534850 0.000675241444571 0.000789868471665 0.000879926405937 0.000933974033240 0.000941601073624 0.000897588982396 0.000818237896989 0.000723244708050 0.000630707843572 0.000557760752092 0.000517797594397 
0.000040677190961 0.000055143588293 0.000083468831974 0.000128446283178 0.000192716071421 0.000277628448088 0.000382400275806 0.000504201920597 0.000638366097001 0.000775264894147 0.000899481658195 0.000994393301393 0.001051161926811 0.001056170281436 0.000989235999771 0.000885353528897 0.000771543542454 0.000666168298158 0.000585469874010 0.000541926387724 
0.000054922564746 0.000074395811710 0.000112668250861 0.000172906228432 0.000257533168769 0.000366365172373 0.000495546674931 0.000639619143542 0.000796518366356 0.000957550215370 0.001102212508872 0.001204304601642 0.001270046245064 0.001285322759710 0.001156318156423 0.000998127193628 0.000847921926347 0.000718601508140 0.000623528778543 0.000573330385135 
0.000072839139975 0.000099056752443 0.000150988768353 0.000232799917614 0.000347287592204 0.000492297495029 0.000657439511046 0.000828427697592 0.001014620411152 0.001213676412512 0.001396241686709 0.001492439238447 0.001572833365648 0.001682595161715 0.001378204503740 0.001129052829619 0.000932239424409 0.000772421115323 0.000659329357582 0.000600957925832 
0.000091525601433 0.000125386956343 0.000193197559791 0.000301320533374 0.000455016359320 0.000652073317672 0.000870521034283 0.001059368143638 0.001272034585795 0.001527162889267 0.001803008184487 0.001819673907158 0.001860718237894 0.002129600357385 0.001559786315949 0.001226941371608 0.001002489202388 0.000811264450330 0.000680207183351 0.000614188581248 
0.000107717637529 0.000148717848089 0.000231727971679 0.000366755773006 0.000565988237569 0.000838094032482 0.001159467738542 0.001312577149881 0.001526215053140 0.001842306906411 0.002314085220701 0.002130497101796 0.001928409085568 0.001913790068440 0.001517559627054 0.001232680633125 0.001055179886047 0.000820342176948 0.000676407896642 0.000606365340588 
0.000119101855474 0.000165000425921 0.000258234012999 0.000412029495129 0.000648442876206 0.001013410679900 0.001644651947257 0.001539355584601 0.001707810978321 0.002018078520404 0.002491165905357 0.002068823405047 0.001817256547540 0.001638375526404 0.001382764678731 0.001148274598200 0.000953990737634 0.000772627142356 0.000644177836654 0.000578568799727 
0.000126049456782 0.000173532369729 0.000268591433127 0.000422078672000 0.000646984435025 0.000952560658708 0.001315468926414 0.001518229538013 0.001771531832023 0.002044461182133 0.002029021708904 0.001850573617967 0.001656438482752 0.001468264309874 0.001261876234541 0.001061058400999 0.000879082039589 0.000720398606225 0.000604482069578 0.000543792317587 
0.000132708917481 0.000179360097591 0.000270701518032 0.000414511195138 0.000617568035243 0.000879363776645 0.001180598347261 0.001476359023904 0.001836800126463 0.002372518012315 0.001739775747357 0.001671265869950 0.001524933648522 0.001359966737154 0.001184870353935 0.001007981071779 0.000837080703339 0.000686599530424 0.000575039368672 0.000515982194531 
0.000145993909117 0.000190973071083 0.000276772131220 0.000408740512822 0.000590993890695 0.000823051867531 0.001096978964898 0.001401430935669 0.001739775747357 0.003874740280915 0.001739775747357 0.001597319192408 0.001455282650874 0.001314386412051 0.001167730822285 0.001010588831339 0.000839901315386 0.000683135944960 0.000565735833771 0.000503518409109 
0.000173646004168 0.000217518101560 0.000298655095586 0.000419890989023 0.000583348624089 0.000789330696009 0.001035925346372 0.001324802418764 0.001683629074094 0.002236047007891 0.001739775747357 0.001554807390580 0.001432139910620 0.001330090876383 0.001220525227785 0.001089144564464 0.000895655594788 0.000711960295461 0.000576729031557 0.000506257659453 
0.000222141864298 0.000266621960140 0.000346018788151 0.000459553604860 0.000606033968455 0.000784950714160 0.000993849668491 0.001225719051072 0.001466010255272 0.001666347307221 0.001572149446777 0.001487778029102 0.001437377643277 0.001405550703970 0.001348125354938 0.001284011110191 0.001003242701006 0.000761301684158 0.000597249201714 0.000515352790021 
0.000294682713412 0.000342550808463 0.000425210452923 0.000536374603235 0.000668555284257 0.000821085675508 0.000993041365787 0.001173389488952 0.001335209896500 0.001433574289900 0.001435925991541 0.001433968799450 0.001471360953697 0.001548918474943 0.001521265282156 0.001729716787519 0.001123515496954 0.000796288921519 0.000606491277434 0.000516680950726 
0.000389666849914 0.000444664283243 0.000538176182275 0.000656267515565 0.000776505250022 0.000902380069375 0.001043190774855 0.001191625931032 0.001315235195915 0.001346629579332 0.001356016429412 0.001391673135874 0.001506418070662 0.001821602624514 0.001479529987035 0.001322189520565 0.001008636292850 0.000753498326760 0.000583799512148 0.000499760512453 
0.000500536795953 0.000566406461952 0.000681104821537 0.000825720494570 0.000932033987707 0.001021397038539 0.001132554274531 0.001272154679203 0.001419444856632 0.001328816366984 0.001304861946664 0.001323108886049 0.001376478299467 0.001430174329302 0.001283358775868 0.001107997129721 0.000886378532018 0.000686836183703 0.000543520693006 0.000469724869358 
0.000618292292949 0.000694777052068 0.000838032974344 0.001063773430172 0.001140098179364 0.001156384628351 0.001223848927221 0.001358252701704 0.001333488586010 0.001287273988569 0.001269369171335 0.001279802837030 0.001299571971339 0.001284131202113 0.001164449481671 0.000993636799927 0.000802518793933 0.000630469101894 0.000504344700447 0.000438390042466 
0.000738410944393 0.000812855694557 0.000946725226674 0.001143343044476 0.001424341266762 0.001266459805478 0.001267074200162 0.001359659715745 0.001295100676414 0.001266204900779 0.001267905140531 0.001293551843967 0.001321235820934 0.001301619827453 0.001157596413422 0.000964144400494 0.000768306291720 0.000600361057647 0.000479492908755 0.000416642226766 
0.000873191315384 0.000936668673926 0.001039710914074 0.001162560025726 0.001266532540039 0.001245208552270 0.001240869907142 0.001263132695123 0.001258419721018 0.001269314493379 0.001307201686590 0.001372080081354 0.001453138633109 0.001502333160627 0.001264089041518 0.001006862329796 0.000780452729225 0.000600164098281 0.000475059579132 0.000411051323021 
0.001041067031520 0.001093273470511 0.001171180597492 0.001245542400936 0.001273159350687 0.001250388045438 0.001231566866845 0.001236107353645 0.001257194074415 0.001304453831975 0.001382153783757 0.001494335948137 0.001667801845779 0.002030458864706 0.001447605513940 0.001088874837900 0.000823409334662 0.000625053780550 0.000491189801664 0.000423558072372 
0.001250928193636 0.001294746596936 0.001364297070006 0.001424002862181 0.001379221302841 0.001306115864334 0.001256488010559 0.001250545655596 0.001288819791635 0.001367861516858 0.001477470004254 0.001601630377211 0.001723728483879 0.001747784634001 0.001457381234854 0.001146249862337 0.000877110841870 0.000667655008912 0.000525079242113 0.000452999653156 
0.001496402493171 0.001527938892682 0.001610427899991 0.001739775747357 0.001557104044828 0.001395904497334 0.001303218445563 0.001287196754921 0.001341988681048 0.001454182643004 0.001598687235700 0.001739775747357 0.001908262838804 0.001815128939909 0.001541880334845 0.001230388358449 0.000949225860526 0.000726592336253 0.000574129579111 0.000496918513994 
0.001765593756869 0.001747191656378 0.001825721696712 0.003565132931255 0.001739775747357 0.001474073862523 0.001344845757791 0.001326080396642 0.001401652296537 0.001552780267505 0.001739775747357 0.002094454395625 0.002372286859597 0.002096662376589 0.001716487915046 0.001350677897139 0.001039731808371 0.000798797694086 0.000634931693534 0.000552094004799 
0.002080604013451 0.001890537812198 0.001920731220166 0.002235089462401 0.001739775747357 0.001478167297998 0.001356992075761 0.001352350079669 0.001453533938378 0.001653514342876 0.001948276002069 0.002528412640483 0.003567165472172 0.002513919023583 0.001919658409384 0.001476969616636 0.001134507486522 0.000877140414276 0.000703167598885 0.000615173590211 
0.002107382448328 0.001842209474574 0.001765248441938 0.001739775747357 0.001576082714573 0.001423585011024 0.001347792819922 0.001365988370924 0.001483494222581 0.001704012345039 0.002037487651864 0.002510762616058 0.002984382394929 0.002489824015273 0.001999079901314 0.001556269330812 0.001215341110552 0.000955181419052 0.000775811186067 0.000683906923745 
0.001729555118051 0.001649908353307 0.001601272569387 0.001561280777644 0.001475849138049 0.001390645449165 0.001351332176269 0.001383377153853 0.001498379772011 0.001704124413236 0.002020828299109 0.002508827834362 0.003376919707562 0.002472249027630 0.001957979165700 0.001581607806588 0.001284574214309 0.001035925868636 0.000853738716289 0.000757785904419 
0.001499322317919 0.001496794754258 0.001503974767903 0.001504061832982 0.001467190959321 0.001415946181664 0.001392936749995 0.001423683917553 0.001515273777127 0.001663667698736 0.001874078376097 0.002137974802296 0.002332616345019 0.002084748776377 0.001812362286116 0.001580064093234 0.001374186912145 0.001133961577208 0.000940352904568 0.000836109569584 
0.001369705697800 0.001419441058163 0.001496882522681 0.001562263632672 0.001556425458781 0.001506333664195 0.001480592597527 0.001502339195964 0.001565490987006 0.001632822440597 0.001714853588011 0.001788772303568 0.001739775747357 0.001751165139747 0.001669620152832 0.001605501254949 0.001561596693898 0.001266772918275 0.001033547505374 0.000913333779916 
0.001301938111565 0.001402249946997 0.001573070597711 0.001739775747357 0.001739775747357 0.001638647179823 0.001599045864955 0.001622717738506 0.001692609292451 0.001659505334880 0.001618283419012 0.001591762335746 0.001557519648496 0.001549177635565 0.001557498570507 0.001658362754503 0.002043828058599 0.001413119365838 0.001109721197818 0.000975863510359 
0.001248141398049 0.001396605403644 0.001701522897991 0.002280213958633 0.003696859438340 0.001739775747357 0.001703522986606 0.001756011600805 0.001987309870913 0.001762988645122 0.001572515217903 0.001459443824675 0.001400774485775 0.001386552995337 0.001407549436132 0.001465420120558 0.001524231091398 0.001303727910631 0.001114047470266 0.001013161975225 
0.001159175814078 0.001313915293934 0.001604439382566 0.001994096900272 0.009030577444398 0.002235739737860 0.001739775747357 0.001739775747357 0.002775953764796 0.001892952778478 0.001519494043118 0.001344393114793 0.001270177872196 0.001259169772622 0.001288809977321 0.001334482569170 0.001347266529442 0.001248469788829 0.001132933233454 0.001062068972571 
0.001027376990021 0.001173278108738 0.001452845607088 0.001899392697609 0.002706666293961 0.001814309236077 0.001656854866211 0.001649839296143 0.001834553225639 0.001567905133782 0.001340643172112 0.001207623510290 0.001156625787165 0.001170228156684 0.001230521207502 0.001310665024669 0.001359338872637 0.001300929440088 0.001212347329666 0.001153182560440 
0.000862276681752 0.000980861749209 0.001192140810330 0.001472105805441 0.001736580809241 0.001552051300434 0.001443706519127 0.001397788145420 0.001387531106753 0.001267256569751 0.001145367243471 0.001073191407880 0.001063831171636 0.001117315496882 0.001230053058025 0.001390725052376 0.001550690065483 0.001468125320311 0.001361418724900 0.001292543133245 
0.000691831457822 0.000782089488862 0.000932651294675 0.001111298483299 0.001251817725076 0.001245972139173 0.001205261895683 0.001156598622833 0.001109497367771 0.001041133865179 0.000983678699093 0.000964310517740 0.000996339057280 0.001088112281001 0.001254475115726 0.001530083361139 0.002030652737234 0.001724122200618 0.001557375539885 0.001458700528758 
0.000541941856952 0.000610318609196 0.000720886964177 0.000850659872325 0.000962810928872 0.001016697481285 0.001017531127493 0.000967473853398 0.000919236475321 0.000882402559713 0.000870586805866 0.000894509614256 0.000958175346229 0.001065861937514 0.001235440156805 0.001482064159224 0.001779857918978 0.001874411954566 0.001751526769383 0.001607901444799 
0.000426963221739 0.000479344762321 0.000564391547367 0.000670285051172 0.000780642014530 0.000875936789205 0.000911896090564 0.000827782252759 0.000785087780279 0.000777930476499 0.000808329804355 0.000874398832684 0.000963639315743 0.001061909890085 0.001203816616315 0.001421471583679 0.001739775747357 0.003039866999441 0.002019795233957 0.001685916175721 
0.000349988974779 0.000389410068766 0.000454509947202 0.000541919956180 0.000652481011343 0.000808831636455 0.000739740391680 0.000692662737475 0.000680955707758 0.000712755611397 0.000792937512690 0.000915081976594 0.001042299347979 0.001091884836229 0.001161763798432 0.001300535008338 0.001528626602369 0.001880370086976 0.001658736228246 0.001503645536429 
0.000307714085488 0.000335623050916 0.000380748233711 0.000440247083825 0.000509763589793 0.000575467923686 0.000575834932278 0.000573095180670 0.000598390393748 0.000671942212856 0.000810479903329 0.001023648570241 0.001268644988528 0.001173997906635 0.001120928254888 0.001151578967027 0.001246044116551 0.001351759250819 0.001304673693893 0.001248889747556 
0.000296583302252 0.000315770276494 0.000343917520943 0.000377306043651 0.000413478848742 0.000445499112412 0.000461285413623 0.000482576805451 0.000532544270015 0.000633941780123 0.000818161554094 0.001156114802666 0.001879012474827 0.001276795250334 0.001067758940300 0.001012324583434 0.001025939954232 0.001053773780245 0.001044147616613 0.001027343995595 
0.000316539717156 0.000331605734948 0.000348620841807 0.000359977256111 0.000370227866735 0.000381986854426 0.000396498580729 0.000424476796628 0.000479833011085 0.000576638942183 0.000727960908753 0.000939891177834 0.001166812760708 0.001038832190383 0.000930388504395 0.000880757480959 0.000871618223488 0.000876006605592 0.000875892910228 0.000874838033288 
0.000369893903100 0.000387508244994 0.000402708799983 0.000391118126224 0.000376650785571 0.000370766677862 0.000377588925307 0.000401902389186 0.000449804155548 0.000526717213337 0.000633075760561 0.000756057299597 0.000852903105373 0.000837993488925 0.000801507678822 0.000781376742351 0.000778236435796 0.000777635372586 0.000781579372482 0.000790849302457 
0.000454436215585 0.000485326523589 0.000522338340756 0.000469916307629 0.000425754194890 0.000403543057055 0.000402103848037 0.000419185691084 0.000454383766437 0.000508453114755 0.000578182121888 0.000650775385282 0.000702922167155 0.000716246646740 0.000717910371370 0.000726664054768 0.000741174077507 0.000732075754320 0.000732493677879 0.000754323781499 
0.000555656656799 0.000610738047944 0.000757498001797 0.000581268811043 0.000504195923472 0.000473638556916 0.000470249383574 0.000482242701141 0.000503346187409 0.000534736228532 0.000576126618881 0.000618218233528 0.000644447586151 0.000660432876906 0.000679719936704 0.000711009786552 0.000760829822866 0.000712975889506 0.000687720515608 0.000681841329936 
0.000647131067290 0.000669852807967 0.000693772849887 0.000633635668524 0.000590320232708 0.000577866430610 0.000587457194879 0.000601206026374 0.000605344429810 0.000609947188355 0.000625663183536 0.000648261420536 0.000645134763899 0.000650573646276 0.000672451360534 0.000702900542507 0.000713568818879 0.000693099398741 0.000648780342337 0.000625063431939 
0.000762635201362 0.000763689750828 0.000752186885528 0.000721023421936 0.000707475201995 0.000726737223458 0.000768193155655 0.000796379068295 0.000770766622667 0.000731561356798 0.000713940494685 0.000735129674232 0.000680085829607 0.000669588491491 0.000694958266996 0.000739721249049 0.000713327915687 0.000712555127528 0.000615788013381 0.000574832527924 
0.000922190976054 0.000910186725576 0.000880160990003 0.000852995539205 0.000861803450322 0.000925401485388 0.001032201287484 0.001112372527869 0.001014712856285 0.000889726349989 0.000801975184584 0.000754347198976 0.000710977838596 0.000697015836766 0.000732329547615 0.000864181460886 0.000701207558206 0.000625074503361 0.000556802097555 0.000520679643419 
0.001140409986685 0.001119665852102 0.001063175063095 0.001019258530039 0.001037689118928 0.001155970869949 0.001391493168508 0.001668686806262 0.001352012000831 0.001077003341133 0.000909462317112 0.000820422720061 0.000766127208419 0.000724699160184 0.000705641560577 0.000702620819652 0.000628063453015 0.000561605452183 0.000506915414173 0.000476384745940 
0.001435252331382 0.001417906228214 0.001298714158095 0.001199475387318 0.001194384267945 0.001344978611569 0.001770418973335 0.002862318804531 0.001711664258739 0.001230464834478 0.001011805246354 0.000919753728746 0.000872089617956 0.000788945696402 0.000713164224103 0.000654068390780 0.000590179757351 0.000532780289063 0.000483774291233 0.000455180052489 
0.001803743946229 0.001870473799089 0.001580474716657 0.001364295723175 0.001279232567597 0.001336338719782 0.001534651787504 0.001789314176610 0.001467171065074 0.001201997206032 0.001068081668440 0.001046709162963 0.001076287051119 0.000907635042745 0.000763390830634 0.000665578380955 0.000598925592205 0.000548388505274 0.000495382328550 0.000462440103292 
0.002146845866938 0.002715337066748 0.001847388427625 0.001475734334835 0.001309986539986 0.001275287929891 0.001323666007555 0.001367720167646 0.001252147081941 0.001133102828824 0.001095046574874 0.001187396801300 0.001521572284299 0.001057250122895 0.000827228486258 0.000704018337917 0.000644624372503 0.000615728682558 0.000539320499321 0.000491874038073 
0.001938033473738 0.001739775747357 0.001666160681814 0.001456317132735 0.001301040573306 0.001229894341953 0.001217021600195 0.001205899793238 0.001143318276714 0.001082420026970 0.001075235630319 0.001136698436871 0.001211329817555 0.001019357027398 0.000841164041095 0.000733060387617 0.000703671030649 0.000762643774911 0.000597337324697 0.000522901905371 
