0.005693530872621 0.006045541716555 0.006614019356959 0.007547633186235 0.008986924953852 0.011006698734131 0.013588587400613 0.016623212983513 0.019929951610005 0.023285483842517 0.026455002240455 0.029189651650970 0.031300627599899 0.032778661535293 0.033898596373634 0.034707355572199 0.033899149953175 0.030061064125042 0.030050705541111 0.030045186667145 
0.007184973342208 0.007495813928240 0.007983621114032 0.008821520144869 0.010175569196325 0.012132872603723 0.014677752721614 0.017702793209278 0.021032691005600 0.024451501561323 0.027752932357060 0.030618568320617 0.032714390079792 0.033881633713395 0.034867938957182 0.036816791369992 0.037176090633358 0.033652918256977 0.030061064125042 0.030061064125042 
0.009942155654100 0.010162842462225 0.010450987585354 0.011057558418677 0.012217167520111 0.014041422635428 0.016514033386746 0.019528911423638 0.022922600341488 0.026473192171746 0.030130245801856 0.033402526180870 0.035598542971124 0.035654997343237 0.035300561774384 0.040840729630154 0.044502198194772 0.041152169825363 0.033859645019166 0.035360454510460 
0.013970596693476 0.014081057408903 0.013974354810567 0.014141213238579 0.014957279705380 0.016553163427462 0.018887473262179 0.021853332729910 0.025342038310801 0.028961444171882 0.033387179246523 0.037692615753639 0.040976777485974 0.038095323346703 0.030061064125042 0.046945740516507 0.058967252582003 0.052638778954490 0.045183463408546 0.042166344777240 
0.019235271436132 0.019407315411970 0.018486228915637 0.017868921629642 0.018156926423301 0.019419254226627 0.021506347375935 0.024284877842936 0.028015092201699 0.030998168984756 0.037085814524320 0.043269010807135 0.052675968999774 0.073719332633340 0.030061064125042 0.057994666906620 0.091843683173419 0.065291111412066 0.052086717267564 0.045963562528191 
0.025461537681289 0.026811582535301 0.023803517271819 0.021856357733621 0.021477747088351 0.022363673618646 0.024064542856363 0.026100350320335 0.028301244645821 0.030061064125042 0.040854287257514 0.045768644838841 0.052821485251339 0.064236265252937 0.051989256235833 0.063149641913470 0.088177979880586 0.064613674087334 0.051920005344632 0.045110787643412 
0.031203460870518 0.039193793334713 0.028988208066049 0.025313839653004 0.024485001341073 0.025188566319099 0.026635734405956 0.027956404556346 0.029088167449140 0.030061064125042 0.050561221041179 0.046201075339157 0.048649037499792 0.052066695565512 0.050520008559408 0.054448098252063 0.059929074599143 0.053077427461348 0.045877062218525 0.041031649543042 
0.029615975395303 0.031136896301548 0.028467527573835 0.026888067305443 0.026797751863328 0.027758817841480 0.029189500572201 0.030061064125042 0.030061064125042 0.030061064125042 0.039640902244657 0.039856229329701 0.043535063981393 0.044877401274126 0.043589222057255 0.044205885822006 0.044022422440079 0.041900129269265 0.037486332809402 0.032110142835095 
0.027647936560986 0.028167894825679 0.027850721429942 0.027942604117155 0.028858024075623 0.030373086006180 0.032502912297403 0.034849664599235 0.037246439843050 0.052138364219195 0.038090336478418 0.030061064125042 0.040773792331097 0.040330944404188 0.034762321427843 0.034772129333395 0.030061064125042 0.033020474926295 0.030061064125042 0.030061064125042 
0.026626864171160 0.027200818592359 0.027897582002464 0.029081524388758 0.031023540004119 0.032831261749747 0.035843248703052 0.039673314136045 0.043452088473392 0.103155616430272 0.066401319145217 0.052273867004534 0.049174469278998 0.040914181698306 0.030061064125042 0.030061064125042 0.030061064121913 0.030061064125042 0.030061017381947 0.030060995595041 
0.026591182388846 0.027300561370987 0.028417268429224 0.030061064125042 0.033794605708527 0.034354542526266 0.038540502339523 0.044624875905603 0.058174486492137 0.090082530696381 0.072086929711520 0.063460610225183 0.062737720345683 0.059746272110489 0.045748131641019 0.038730941581925 0.030061064125042 0.033141744994295 0.030061064125042 0.030061064125042 
0.027285607745175 0.028018201055785 0.029019327535913 0.030061064125042 0.039862223113385 0.039034155740445 0.039408881982075 0.042156958565956 0.054548796706255 0.068824285283003 0.068405405329261 0.066745860063339 0.064973394970201 0.061714123825208 0.054455854510058 0.049055032518388 0.045449841721341 0.044791825968970 0.044334152999941 0.052144246451919 
0.028434838450864 0.029260523328725 0.030006743373464 0.030061064125042 0.066248013798860 0.045175498829084 0.037930058920672 0.030061064125042 0.048208311903151 0.062262087443869 0.065967224789194 0.070146884592719 0.068698384672330 0.067683464950675 0.061309244520530 0.057587395030133 0.057896928644955 0.056249357206810 0.061640763960726 0.082037522230775 
0.029655964532582 0.031144334952542 0.031984541005532 0.034371064782211 0.039704349710721 0.037493199229097 0.037081734702227 0.035791314327483 0.045962168368448 0.066050011867375 0.063056283248038 0.079178067129135 0.071992106251709 0.079014192984928 0.065513252694665 0.062092782409904 0.072309666958095 0.060692098511667 0.063961606007231 0.083920742027220 
0.030019760670153 0.033981179668583 0.032635651664779 0.035780221728107 0.030621819397030 0.034061276656813 0.037114440385611 0.030061064125042 0.033799609513120 0.092919942923993 0.058249216048888 0.061251459587941 0.061078870550099 0.061755006574357 0.059637936237462 0.052961966292273 0.047553460403953 0.050302308607047 0.049641771259958 0.041378221233774 
0.026909661294853 0.028357003664903 0.028983501928868 0.030061064125042 0.029955229107583 0.031028846579709 0.030061064125042 0.030061064125042 0.042873003319929 0.058112728330239 0.049280760452886 0.046500277136616 0.049318645629509 0.047289322781543 0.045410652485334 0.042563975946112 0.042393753936399 0.043440644654555 0.043038498024652 0.040743101156509 
0.023184962512030 0.024123178142526 0.025274575188590 0.026750597324590 0.028248905098646 0.030061064125042 0.039529730014128 0.060969648220974 0.049526559716636 0.047382117181297 0.034261577786036 0.031126728147458 0.042410127011850 0.049929715302220 0.032151375023058 0.030061064125042 0.036150166378429 0.038253110649116 0.038590084512242 0.038069463848291 
0.019737379253998 0.020623463017454 0.022034534695828 0.023992290096683 0.026581672919294 0.030373047595086 0.037118801863118 0.045811831165279 0.046905621365831 0.047637427384767 0.039774367900055 0.036586761314554 0.039277423539556 0.040136198808220 0.034639252574695 0.032829932583233 0.034085079376791 0.035123180569949 0.035341913852383 0.035233540889885 
0.016957547624184 0.017855871662464 0.019373410615361 0.021536088348289 0.024413940036529 0.028183041047262 0.033034063517807 0.038372374768583 0.044699611438961 0.056499169647124 0.032836597681008 0.036190174765460 0.038010368828924 0.036748401433218 0.033511380012422 0.032657471001694 0.032441693879481 0.033090295985088 0.032734401904570 0.032617075628072 
0.015074670845068 0.015952168132967 0.017446446249682 0.019576302098547 0.022335517760953 0.025612472093246 0.028866689365239 0.030061064125042 0.037074392576159 0.038591591150521 0.036492203735278 0.037358587964493 0.039856878646361 0.035391605294079 0.030061064125042 0.031948299258803 0.030061064125042 0.032238338167969 0.030061064125042 0.030061064125042 
0.014218089825318 0.015036919917583 0.016425597223893 0.018396275677302 0.020931964697666 0.023953577252644 0.027244340745245 0.030546087826772 0.034996977776735 0.036844378805546 0.037216910446885 0.036940464187315 0.036762563065178 0.034949428932697 0.033515026109286 0.035056229922693 0.036315839935554 0.035792775229201 0.035427298410985 0.034750173223194 
0.014418620881700 0.015169613176975 0.016425369861384 0.018169099908463 0.020382317325748 0.023088352239771 0.026313447138167 0.030210986610659 0.035610548378348 0.036624859347153 0.038640733317540 0.036525361442922 0.035417118617354 0.034232797638114 0.034063601567048 0.038503395429925 0.044394054906929 0.039225809441300 0.041118983782396 0.046915503514710 
0.015613714060370 0.016332218054846 0.017496069514683 0.018993939173181 0.020734713399480 0.022865717886530 0.025534457908880 0.028780976577153 0.032442043595359 0.035445133541486 0.035997227835832 0.035238591992129 0.034301047028215 0.032623231268066 0.030061064125042 0.040543590122614 0.063558793314359 0.035617716518218 0.042919364290608 0.064882569757104 
0.017647313403631 0.018424378451832 0.019641037932639 0.020976854047201 0.022031512853230 0.023273617455769 0.025061328637047 0.027439987196306 0.030061064125042 0.036795081039134 0.034794949100888 0.034299607168074 0.034081309251976 0.032006469529797 0.030061064125042 0.030061064125042 0.032205444100033 0.030061064125042 0.030061064125042 0.030061064125042 
0.020234292720695 0.021222137656012 0.022807064967852 0.024369164428989 0.024282597897026 0.024211951222138 0.024868869597407 0.026358027214036 0.028524945769778 0.031439416641845 0.032260286666081 0.033253982934777 0.035833662405522 0.031400136576995 0.028984405938426 0.027970031832263 0.027820078162570 0.026975541057798 0.026624003558580 0.026489692351145 
0.022901450195003 0.024272664071240 0.026739147193217 0.030061064125042 0.027333952088437 0.025335030705981 0.024701102182938 0.025262530112654 0.026671445131599 0.028490895026892 0.029803507596245 0.030781761365349 0.031452241172598 0.029089719733320 0.026950020143767 0.025557558283481 0.024743163239009 0.024058423067411 0.023659450767861 0.023485943232283 
0.024994581028048 0.026757746284056 0.030061064125042 0.047394617553268 0.030061064125042 0.025814103288604 0.024153886126908 0.024064436024399 0.024995732445068 0.026478798773972 0.027978110301629 0.028849098738403 0.030304543420921 0.027088795528908 0.024948821488510 0.023521515594133 0.022609049752133 0.022004085844570 0.021661795347506 0.021519313419501 
0.025911848379048 0.028002673548175 0.031266178496234 0.030061064125042 0.027155085927368 0.024320621684020 0.022828852544407 0.022626026805696 0.023413183830827 0.024891531716965 0.027000574745268 0.026558129770209 0.026288916234754 0.024756404902987 0.023304158242173 0.022248565633177 0.021579022836840 0.021181005818045 0.021003225938820 0.020966920644066 
0.025230858634533 0.028340969165145 0.036992072031129 0.028609394763745 0.024573449067267 0.022167271634548 0.021035943205626 0.021002639426908 0.021802264042099 0.023075140378881 0.024329801289936 0.024576902311845 0.024248854777279 0.023385060424479 0.022563587196812 0.022062866587298 0.021855720753399 0.021777198364311 0.021872061938582 0.022057244984806 
0.021923292755820 0.023408303019076 0.025499710095384 0.023163946264956 0.020949498131614 0.019514909366152 0.019000338867395 0.019363599285141 0.020419089465197 0.021855199449080 0.023222577198046 0.023921067164548 0.023728146252604 0.023194291985326 0.022899771826564 0.023074560075599 0.023532499150756 0.023748835113724 0.024199243584422 0.024878474506943 
0.017712623108449 0.018326438356990 0.018884430322628 0.018176414882768 0.017277792132467 0.016781132352770 0.016941521004420 0.017816910874288 0.019336452973376 0.021329082202097 0.023464726842241 0.025007333749638 0.024615684919554 0.024010296761224 0.024095467051397 0.025112357371941 0.026690602070423 0.026706825397967 0.027477794842296 0.029542309128821 
0.013604864346472 0.013915495509293 0.014181970697507 0.014111098224036 0.014021931404655 0.014243396881837 0.014982704663864 0.016350381967933 0.018414074312125 0.021259402773481 0.024950632051356 0.028805529528438 0.026712460673719 0.025270589971430 0.025483158932462 0.027540072178023 0.032101202627602 0.029614372467431 0.030061064125042 0.036849418890151 
0.010034482363106 0.010286773672791 0.010586226786707 0.010881157398623 0.011302090224704 0.012016002551423 0.013159010030782 0.014867588222351 0.017319014793509 0.020907312562283 0.026803378171257 0.039060856979467 0.028981459793165 0.025839076459517 0.025904201748907 0.027985393953183 0.030061064125042 0.029769020827186 0.029428017548305 0.030061064125042 
0.007148274690535 0.007420698414891 0.007821023184821 0.008362915024859 0.009111253323104 0.010132972450469 0.011488288675306 0.013307787913872 0.015706301132771 0.018799241063719 0.022674644279425 0.026737800984629 0.024985927938121 0.024033263509884 0.025056047702265 0.028861425480524 0.038352845190795 0.030061064125042 0.027946600708431 0.027505706579812 
0.004943084767185 0.005242717994099 0.005727757203091 0.006429279028989 0.007381794146046 0.008582685474505 0.010019554569480 0.011836719076434 0.014057440946870 0.016535829676847 0.018928825034308 0.020781580583699 0.020903001224636 0.021045444727300 0.022143942698531 0.024500260400805 0.027498422950388 0.026035616226665 0.025135052192862 0.024892308817534 
0.003332994239132 0.003638500636937 0.004158421275767 0.004928772726694 0.005972669543993 0.007254461311495 0.008740904199082 0.010601977458108 0.012810171857656 0.015004875692617 0.016354541673610 0.017195561123955 0.017509812928259 0.017876622600878 0.018737483530452 0.020157560321654 0.021639084665848 0.021975189306189 0.022246042264177 0.022626549273896 
0.002197628337567 0.002480909832490 0.002976038242143 0.003715445719615 0.004721531556598 0.005992720661794 0.007562336949781 0.009594722963051 0.012163064336756 0.014878631064392 0.014859337818838 0.014728745777102 0.014717972806758 0.014950745017697 0.015556345189779 0.016528417690067 0.017659177119217 0.018680787690609 0.019907490936514 0.021345372537548 
0.001419187961907 0.001661114954797 0.002092721482102 0.002744999125137 0.003648733741222 0.004837967638032 0.006397772314482 0.008553725144522 0.011814982234257 0.017829653538257 0.013920532696171 0.012654562402242 0.012275442487694 0.012345934274382 0.012781282628402 0.013543514919339 0.014572786185172 0.015897073591600 0.017934157584492 0.021881298519658 
0.000898072756202 0.001091158048400 0.001442339502194 0.001981240557306 0.002741419924678 0.003761530443774 0.005099051231562 0.006834246815968 0.008994513491010 0.011204989359488 0.010687321199470 0.010161131787739 0.009946523713306 0.010038694271513 0.010421854781242 0.011073442412864 0.011959030000379 0.013075790772891 0.014485567829199 0.016024797715601 
0.000556552598071 0.000701966537355 0.000971308435941 0.001391013883959 0.001990852437868 0.002799274278711 0.003837271178187 0.005095504082941 0.006465795352147 0.007606248223771 0.007843919596108 0.007822301183736 0.007859140095680 0.008070287230824 0.008491002331669 0.009106118773782 0.009854640772051 0.010658235105727 0.011498759321875 0.012180029275472 
0.000337196655394 0.000441083334662 0.000636722058589 0.000945914349623 0.001392085780555 0.001993073530019 0.002750114200433 0.003628559858027 0.004528711606325 0.005267987885853 0.005660464315696 0.005884249194693 0.006118437195316 0.006472681095528 0.006995621586174 0.007670659767007 0.008383788641808 0.008906737054714 0.009360766630004 0.009680423603443 
0.000199218497653 0.000269810001100 0.000404719332308 0.000620736493695 0.000935178702331 0.001359120754566 0.001888115237585 0.002491267121092 0.003103797083309 0.003638063306260 0.004037564057108 0.004368355510084 0.004732071091411 0.005217422466018 0.005885940504357 0.006752474701054 0.007683647798364 0.007880722074022 0.008067661484755 0.008231014126923 
0.000114430684539 0.000160110863617 0.000248561292065 0.000391990044314 0.000602792605828 0.000888495787257 0.001245578151421 0.001654331084418 0.002079252163396 0.002481460562717 0.002846323770818 0.003210547203989 0.003640082888577 0.004210090674524 0.005006373255649 0.006168724192090 0.008080946000022 0.007411041382428 0.007457469504832 0.007650485729389 
0.000063712348067 0.000091882404676 0.000147078075351 0.000237739623794 0.000372547795668 0.000557170513489 0.000790663510709 0.001063382986739 0.001359140170353 0.001663809234235 0.001978900894543 0.002331173182720 0.002765824043924 0.003335597402246 0.004091362434379 0.005061455216881 0.006152285468958 0.006646256134306 0.007263929260169 0.007875297487145 
0.000034295516943 0.000050860834408 0.000083679247094 0.000138320279901 0.000220724246813 0.000335355003395 0.000483332163948 0.000661771564088 0.000865771352094 0.001093607950340 0.001353415955541 0.001666967761801 0.002066715115622 0.002589299959380 0.003267472499822 0.004116107716285 0.005104767650971 0.006150994320702 0.007534465508450 0.009178092166058 
0.000017812576563 0.000027109555504 0.000045726247676 0.000077178129577 0.000125416511867 0.000193911591071 0.000284820791401 0.000398955741514 0.000537244427620 0.000703721753174 0.000908858840024 0.001171127054736 0.001515526375212 0.001970545817596 0.002565756365527 0.003332623169633 0.004319380722384 0.005666240364305 0.007873626825426 0.012375397525996 
0.000008918961555 0.000013907837876 0.000024006269571 0.000041343373277 0.000068466413198 0.000107966396819 0.000162210823196 0.000233566518244 0.000325428214732 0.000443952286799 0.000599774780890 0.000808700526570 0.001090980744025 0.001470126628882 0.001972808803579 0.002631386238421 0.003491636802927 0.004627520685768 0.006130347561949 0.007835894161292 
0.000004318234807 0.000006894555450 0.000012170924699 0.000021397844384 0.000036179403241 0.000058379493967 0.000090131180124 0.000134147014325 0.000194464105027 0.000277510871008 0.000393065434364 0.000554588176521 0.000778799855458 0.001084984781245 0.001494505398986 0.002030012260535 0.002711882231558 0.003544420408018 0.004468417810201 0.005231384702538 
0.000002075032180 0.000003397985669 0.000006146372291 0.000011063096008 0.000019176312409 0.000031832734471 0.000050825302642 0.000078720558054 0.000119439667647 0.000178994474030 0.000266101476128 0.000392361143193 0.000571895017855 0.000820546032762 0.001154423122726 0.001586449484370 0.002118121876353 0.002722591114054 0.003315796610880 0.003725048270640 
0.000001153531331 0.000001941366832 0.000003604872595 0.000006655675988 0.000011849598835 0.000020266337906 0.000033477519353 0.000053871318317 0.000085158674104 0.000132973924577 0.000205355787178 0.000312865038265 0.000468206624388 0.000685271952167 0.000977103232125 0.001351340555525 0.001801081709052 0.002290375909360 0.002738852368623 0.003022208958139 
