0.005782656765943 0.006308293064057 0.007166726761097 0.008277848969199 0.009521776737134 0.010756476314368 0.011860009011660 0.012777309855283 0.013468199145531 0.013844430257510 0.013898101296821 0.013572020442372 0.012813733551938 0.012089635401636 0.011871867801216 0.012496945629854 0.014164199046830 0.016939010461487 0.024870335566187 0.037565662714778 
0.006482373414630 0.007032947311784 0.007943675202955 0.009127037526295 0.010444001076894 0.011715991536302 0.012789352426586 0.013681218259323 0.014415935744399 0.014774317133494 0.014887932563202 0.014660392602864 0.013522853158347 0.012404082428826 0.011855832625224 0.012163112856207 0.013483079470740 0.015969755033317 0.020134385684381 0.024705309701007 
0.007661134011389 0.008260147457643 0.009276069059047 0.010615335058595 0.012106009246280 0.013473024896079 0.014404164122568 0.015195067196889 0.016173127921621 0.016372368536167 0.016648014889742 0.017130291977658 0.014787245396454 0.012814905256636 0.011685909306622 0.011464345890038 0.012132280742224 0.013587742939795 0.015492442874531 0.016433418712006 
0.009207108323620 0.009870607822984 0.011037183261724 0.012629818594698 0.014463611321379 0.016097915413621 0.016433418712006 0.016765148785826 0.018978961899820 0.018170871437255 0.018473308464334 0.022715920189650 0.016152715894180 0.012998030970909 0.011303457199572 0.010571310347991 0.010610583449808 0.011226932369980 0.012081861762221 0.012604974176060 
0.010982148525766 0.011707457919073 0.013041494291111 0.014981561284141 0.017468500508899 0.020272183982916 0.022798767771533 0.024242424255157 0.024906605137373 0.018979971368629 0.016433418712006 0.016433418712006 0.014476599970906 0.012285159725205 0.010641374077023 0.009636896179905 0.009222855675636 0.009266177739030 0.009538703700331 0.009751989415711 
0.012848178621043 0.013594157800115 0.015031055768147 0.017282054708299 0.020527857205944 0.024944002086020 0.030322469124161 0.032514041892621 0.026087959144733 0.016433418712006 0.016079593154159 0.015066336077268 0.013375790600361 0.011556289827970 0.010002368214461 0.008852535248208 0.008144478523288 0.007825066977404 0.007761181286035 0.007784417784453 
0.014705822869577 0.015377340084153 0.016723491125256 0.019010021208716 0.022724434952053 0.028830933443910 0.041082894939436 0.032683184913829 0.030497770836933 0.039158768201639 0.016433418712006 0.014556031515759 0.012757222144891 0.011062939112525 0.009576775656073 0.008338800430572 0.007447562259901 0.006915911850174 0.006673647910996 0.006602832173890 
0.016542109133362 0.016995665860789 0.017913963399189 0.019658033094267 0.022774671993141 0.026697639565429 0.030171824448998 0.026638031986325 0.024061171087530 0.019444977251857 0.016321321286782 0.014182882809433 0.012381830124323 0.010804238225627 0.009423980941083 0.008112690703796 0.007107800989342 0.006469745715140 0.006164997986775 0.006086295207658 
0.018471491713424 0.018567763836432 0.018624768652834 0.019194822021869 0.022205215962817 0.025121847375378 0.026306355344506 0.024225488788321 0.019663904275004 0.016433418712006 0.015352437447146 0.013721757802262 0.012110367319370 0.010692385974871 0.009529405089846 0.008090198518159 0.007021405369176 0.006348269160797 0.006067976633694 0.006086387592595 
0.020730515923239 0.020490750852708 0.019056275739344 0.016433418712006 0.021844310372703 0.025353990002185 0.025744161473409 0.024305340543609 0.017518616458461 0.016433418712006 0.015099351002977 0.013514627888741 0.011956432104408 0.010556475213693 0.009316299550625 0.008093827359050 0.007059284303587 0.006373051544751 0.006138151010301 0.006435811378694 
0.023526832983806 0.023806389658728 0.020787246184265 0.016491176518011 0.023427573079827 0.028739390861727 0.027032940578527 0.029740453597769 0.020869181055990 0.017238809249280 0.015290050558572 0.013584026005291 0.011994489466696 0.010594871785365 0.009398140408116 0.008307612194003 0.007210579449234 0.006394470651967 0.005976904626352 0.005907394711961 
0.026222862139196 0.030515498514019 0.023850881622081 0.021484529102795 0.026645408513252 0.025991705777343 0.023913908159307 0.022271551060494 0.019001001079209 0.016433418712006 0.015451402253877 0.013861588676882 0.012223391605477 0.010813136498423 0.009736171306033 0.008899742946763 0.007507595249125 0.006455344623251 0.005849792113511 0.005611321011389 
0.024716374333973 0.025156537766032 0.022640585337874 0.019659453283955 0.035681035080344 0.024670496576207 0.020362603477559 0.016433418712006 0.016433418712006 0.017535827939189 0.016434006741946 0.014518789969452 0.012615605995203 0.011086409132932 0.010163482739794 0.010302050689932 0.007848410507327 0.006511050284690 0.005794344592889 0.005492203670558 
0.022869873257703 0.022808613854748 0.021927061821671 0.020891585258952 0.021057981603497 0.016647486546046 0.016433418712006 0.029172920538225 0.016433418712006 0.020935868131962 0.018453101082991 0.015498477192933 0.013031210086132 0.011142207559573 0.009798933143775 0.008840895463776 0.007435918086729 0.006394284058785 0.005781836294041 0.005515422406366 
0.021220513381347 0.021370583915995 0.021420940260026 0.020939129726481 0.016433418712006 0.016433418712006 0.016433418413523 0.016433418712006 0.018557495379031 0.031401248305638 0.021161594806299 0.016328066594881 0.013286901979704 0.011099951932528 0.009473452195302 0.008221902205815 0.007114511404498 0.006317951486441 0.005863604462623 0.005679379603575 
0.019621094462556 0.020167734038255 0.021524644221359 0.025027280726886 0.016749583072088 0.016619352169474 0.016433418712006 0.016636184276455 0.017244482023260 0.021208120905952 0.018668611217802 0.015704868796541 0.013130241271613 0.011002719316052 0.009303678850611 0.007990778097660 0.007007380659484 0.006374611721275 0.006063350744127 0.005973448079186 
0.017772641264650 0.018355369334360 0.019587620329853 0.021924782394098 0.017992182350441 0.016866562816929 0.016433418712006 0.016433418712006 0.016433418712006 0.017579994776436 0.016803136965807 0.015033319843804 0.012984029308727 0.011020917436160 0.009341137885347 0.008032634274999 0.007115157709563 0.006578976024470 0.006364354810008 0.006351852556952 
0.015770226923154 0.016186806418131 0.016704197895235 0.016433418712006 0.016433418712006 0.016436229071825 0.016432522577438 0.016433418712006 0.018674986945657 0.016433418712006 0.016117258377774 0.014971355365174 0.013208365266562 0.011312632468104 0.009626717729267 0.008316751703718 0.007428852645009 0.006932671751528 0.006735668798611 0.006701133825011 
0.013938586793932 0.014333121128036 0.014857316428534 0.015245249764698 0.015655879009249 0.016052704934473 0.016433418712006 0.017638921716832 0.025399691646608 0.016433418712006 0.016428315703737 0.015830972245568 0.014001093631364 0.011938229305110 0.010150231419962 0.008812586848005 0.007944909244926 0.007482534238858 0.007304256424628 0.007266411443427 
0.012468733401708 0.012914657576820 0.013576695432643 0.014314005719309 0.015069578040729 0.015772561463797 0.016433418712006 0.029437703588970 0.019432348926408 0.016507563984707 0.017467724095711 0.018179402429318 0.015422113162089 0.012799496518317 0.010808505425784 0.009448095231482 0.008633808003440 0.008244099914090 0.008124080955962 0.008114690408727 
0.011449368018219 0.011964694015427 0.012776993004030 0.013769840266542 0.014796059026450 0.015657602629145 0.016433418712006 0.018470871810890 0.017519512046881 0.017324399860829 0.018842711524521 0.024163909120331 0.017053872986025 0.013502262384061 0.011385294358315 0.010111258345228 0.009443886974248 0.009207705053790 0.009214091940697 0.009276182335831 
0.010889215474121 0.011463566493992 0.012407187992043 0.013635518913720 0.014959682042233 0.015765006095865 0.016320585301134 0.016433418712006 0.016433418712006 0.016460626123553 0.016433418712006 0.017776848679871 0.015449258044310 0.013227326448177 0.011645595517541 0.010712060654100 0.010336750698710 0.010372151812055 0.010608572109035 0.010808577045963 
0.010726448127706 0.011330838862120 0.012345598513737 0.013804534683566 0.015830710995481 0.016263652635831 0.016719614484266 0.016409235019196 0.016043646648249 0.015727317176958 0.015464763457856 0.015295994408577 0.014122710820392 0.012792817751089 0.011785901348262 0.011285659661148 0.011310863218100 0.011755036307061 0.012379087480377 0.012834700316319 
0.010844220915394 0.011452083766425 0.012364960883599 0.013706996070285 0.015400942071969 0.016859794673722 0.017982880705631 0.016509955513987 0.015752111416181 0.015160359507158 0.014678303080498 0.014187218430685 0.013407643393644 0.012551723882616 0.011960668724663 0.011859076247921 0.012335186850854 0.013338942976940 0.014606714131079 0.015562005981481 
0.011078136588607 0.011802067399724 0.012411250049751 0.013586949208363 0.015396648475329 0.017920571077959 0.021910081689511 0.016433418712006 0.015484565129949 0.014781261880363 0.014268866499113 0.013796751015712 0.013252993110230 0.012575451612674 0.012189014956907 0.012366615633080 0.013264264778318 0.014967074276616 0.017314865131520 0.019380380398749 
0.011099879816302 0.012581080490325 0.012248869168507 0.013140200344161 0.014877306169624 0.017600043301675 0.035340316044016 0.016433418712006 0.015175544332335 0.014523142629350 0.014188811085750 0.013885143768896 0.013670080313550 0.012807104871690 0.012375593579801 0.012641613308040 0.013776877891072 0.016164005697187 0.021122946167610 0.041906978738385 
0.009971406388347 0.010636937705649 0.011154858166905 0.012134427367475 0.013546168793872 0.015180253619332 0.016433418712006 0.015213613056682 0.014473514249870 0.014231410122679 0.014376435458257 0.014189561212065 0.015018289691061 0.013036484403049 0.012354525391543 0.012516751049187 0.013415281459718 0.015003565051352 0.016990630144814 0.017269552231471 
0.008673591580815 0.009205813991730 0.009972177798282 0.011023967809134 0.012227415566051 0.013267633309441 0.013883599227632 0.013690255264179 0.013522985759723 0.013796892361409 0.015063266365937 0.013648642259452 0.013178825486259 0.012346978302865 0.011967077713135 0.012129761658194 0.012769005641715 0.013735355632288 0.014717437577512 0.015107091574925 
0.007497785699353 0.008053079072654 0.008958831216687 0.010130577859274 0.011349775831280 0.012030968917316 0.012400667951650 0.012444842551201 0.012446393450035 0.012598558376943 0.012864734978559 0.012429087066877 0.012041196246262 0.011662743307239 0.011549029269833 0.011768319296827 0.012244207152505 0.012826376449010 0.013338677734792 0.013589237494657 
0.006546681725358 0.007158476313058 0.008188954919580 0.009557681501411 0.011229003357266 0.011411570020913 0.011612969179476 0.011657678432270 0.011645426839925 0.011680400445535 0.011729094802741 0.011578827073953 0.011369995715833 0.011246768317363 0.011349604005171 0.011677656075811 0.012092070300457 0.012418774805900 0.012620964747443 0.012705654024691 
0.005859331169434 0.006524453533911 0.007631941944023 0.009015426944509 0.010376284677346 0.011103847137153 0.011416871213003 0.011418643611767 0.011306798668429 0.011245853890089 0.011273806451470 0.011285752433715 0.011152526863305 0.011174702744600 0.011489562770308 0.012024569379137 0.012500685467905 0.012579202215501 0.012461735989400 0.012352617628436 
0.005452891809435 0.006188709990938 0.007426206555491 0.008980146675303 0.010531425454426 0.011620555725251 0.011998468336372 0.011808995532091 0.011453476499330 0.011245519079434 0.011326300284332 0.011615150362958 0.011306718185304 0.011367013771001 0.011949220882579 0.012914622465232 0.013735430712636 0.013353033279310 0.012735257696502 0.012352552980167 
0.005298346987493 0.006128747440561 0.007575286980370 0.009493150089483 0.011585864635762 0.013240921685197 0.013563890698548 0.012839520862724 0.011956046978148 0.011438503698399 0.011578992943926 0.012858885620213 0.011542947747886 0.011546186163264 0.012516234645595 0.014370541004843 0.016530209062719 0.014739243051174 0.013200808051759 0.012430493276447 
0.005314495340922 0.006238717199839 0.007926808126488 0.010362846330403 0.013454043392911 0.016433418712006 0.016433418712006 0.014405294588691 0.012530292176574 0.011392394826469 0.010975220322106 0.011074932292834 0.010839418674128 0.011223604687481 0.012641754945150 0.015867285229527 0.023508102674618 0.016208221926021 0.013316078943678 0.012199078820870 
0.005400194127499 0.006360404234129 0.008183290452340 0.011061464679548 0.015689538976384 0.024736307309515 0.023386861527754 0.016092492164664 0.012753323190246 0.011040355839930 0.010237285520484 0.009978334822977 0.009945635307275 0.010331725682771 0.011382078866247 0.013221711080113 0.015356202761385 0.013584416819760 0.012074029426738 0.011313104598480 
0.005499677684367 0.006377149039202 0.008018166161719 0.010474473683530 0.013751977915570 0.017304128621313 0.016998838454781 0.014078410458968 0.011715792186608 0.010195792469091 0.009382821432694 0.009084472773863 0.009088583091239 0.009252460747153 0.009790320298529 0.010672936526743 0.011442861491975 0.011078653567662 0.010506532272048 0.010118654586117 
0.005664369640523 0.006365076504897 0.007656633559250 0.009533287235758 0.011838027907129 0.013898306301326 0.013413627815576 0.011788747080066 0.010199295883370 0.009054592708862 0.008436966930729 0.008304816203968 0.008489793183705 0.008261499700661 0.008332580345945 0.008692939774072 0.009081124349271 0.009176250328247 0.009136651351084 0.008939636927014 
0.006021062376107 0.006462420795956 0.007307459903991 0.008622669589162 0.010464969577530 0.013191221940413 0.011190682349910 0.009763542713058 0.008598953718549 0.007777905955229 0.007390308094805 0.007546001833962 0.008580760834544 0.007380326531651 0.007060542323821 0.007162462658241 0.007443185384556 0.007755380309614 0.008168343046565 0.007874070602717 
0.006750341214148 0.006803521832408 0.007053441450641 0.007626881276217 0.008465951839650 0.009238227176242 0.008628401060829 0.007789567414070 0.007014531372402 0.006441842176991 0.006145734914286 0.006142594404020 0.006318633203816 0.005983214159031 0.005836619504434 0.005937841552835 0.006198987034444 0.006504793948010 0.006754599548167 0.006754025721434 
0.008123538558651 0.007519788862476 0.007001614025252 0.006815834338082 0.006887856735460 0.006948650892371 0.006604641945458 0.006095552740216 0.005594992075165 0.005204305475536 0.004972037397050 0.004894532522333 0.004895956878126 0.004823492778115 0.004857325031470 0.005057025034274 0.005372308884546 0.005690733411756 0.005898679431992 0.005959489791428 
0.010632868773273 0.008620871351557 0.007086622069817 0.006189099542672 0.005720420848053 0.005428846128486 0.005107699246954 0.004761602800996 0.004441096436732 0.004188578333618 0.004027392372305 0.003958711118922 0.003963588432381 0.004027775759344 0.004221626979571 0.004574659717019 0.005027467087496 0.005425538254587 0.005592508221103 0.005623893396752 
0.015456148234704 0.009595410863296 0.006936262479710 0.005548809366194 0.004783582286761 0.004332627244706 0.004020925562941 0.003781750991080 0.003596126317231 0.003460899069181 0.003380468887572 0.003361044363169 0.003416379960230 0.003584663698300 0.003931645144359 0.004493273425939 0.005210713196700 0.005832143592716 0.005848332287894 0.005745032781632 
0.009767791679104 0.007625618501394 0.005858317671743 0.004669505093070 0.003928640983409 0.003492035550800 0.003248464111038 0.003124532044597 0.003068782725172 0.003046815689286 0.003053685807287 0.003095002268256 0.003195392450193 0.003431150695794 0.003905914085479 0.004718307948236 0.005912481895231 0.007228689381295 0.006622596756139 0.006175839460824 
0.006428380209957 0.005538771194711 0.004521149491771 0.003700134555260 0.003146378353976 0.002838893162593 0.002728957206139 0.002757743488108 0.002854241488828 0.002948864534684 0.003049387297654 0.003151766498810 0.003253004702324 0.003477945403084 0.003984589081529 0.004971014552890 0.006828311451082 0.010793423964614 0.007576148013534 0.006541534775197 
0.004248773049583 0.003848739401171 0.003294770093032 0.002800699367064 0.002471832949673 0.002344642226177 0.002416250319501 0.002649422207192 0.002950476816987 0.003151240990918 0.003359704694663 0.003549734705511 0.003562988508251 0.003649275894097 0.003994625128456 0.004722829810724 0.005880384788334 0.007201140437756 0.006645842226684 0.006239539246682 
0.002764413464851 0.002584554606750 0.002304140238880 0.002052297351683 0.001923303240911 0.001977212961634 0.002249814720276 0.002750519956394 0.003395085641907 0.003595388854050 0.003945590228979 0.004400207078620 0.004126765816984 0.003936901787578 0.004022815231910 0.004437282289259 0.005117317558928 0.005796299881213 0.005933205640620 0.005929905065632 
0.001754891643364 0.001684077247189 0.001563212439669 0.001473367410256 0.001491120308368 0.001683604049909 0.002120578036916 0.002920738688338 0.004431055828450 0.004067959317992 0.004606077972139 0.006147480832542 0.004870162812028 0.004292538937590 0.004120234753864 0.004305722379298 0.004770174669192 0.005339435696050 0.005778124440893 0.006042525326143 
0.001092817702635 0.001077580361381 0.001046439398966 0.001053400754765 0.001156845834284 0.001411113317298 0.001861395999676 0.002531346047699 0.003352936427805 0.003766555566633 0.004365989668516 0.005111503781916 0.005109541285492 0.004554653757739 0.004252544320031 0.004330607723198 0.004763679692808 0.005449887770256 0.006221767275308 0.006833785123204 
0.000695010549787 0.000706812764645 0.000722112497465 0.000779797932584 0.000924385328041 0.001196451508994 0.001621680957477 0.002194188622828 0.002848578691306 0.003446608768833 0.004124147653917 0.004937013626276 0.006043191177103 0.004847675653482 0.004389321339443 0.004438417465398 0.004951782515657 0.005899197015536 0.007208416053924 0.008582770388238 
0.000508615389004 0.000531247467192 0.000565871369948 0.000644491386652 0.000804449791017 0.001078969029715 0.001485900311978 0.002015452717905 0.002623455517346 0.003253162342137 0.003918028981234 0.004575396252251 0.005037125413827 0.004665636335444 0.004396351850265 0.004515007767873 0.005139777971794 0.006372994011111 0.008428896232475 0.011905188302399 
