0.000080217472523 0.000115613299259 0.000182912052355 0.000284731665786 0.000421015908615 0.000587804764111 0.000777665925746 0.000981831196894 0.001193004634688 0.001407576323874 0.001629109004889 0.001873239012090 0.002167183362865 0.002534265811455 0.002975497055613 0.003462330322059 0.003943491860383 0.003867819723146 0.003524012005633 0.003523782836382 
0.000100702117373 0.000142629590154 0.000222249575456 0.000342167656719 0.000501991278266 0.000696778744311 0.000917302686368 0.001152491968031 0.001392482517340 0.001628000369092 0.001853002878989 0.002076733154616 0.002333826560376 0.002659222460861 0.003061529267201 0.003524012005633 0.004527693075244 0.004216202378961 0.003655212953895 0.003524012005633 
0.000134126344780 0.000187142257289 0.000288101137649 0.000440086697513 0.000642633279948 0.000889246386279 0.001166978164391 0.001460093767185 0.001756759024581 0.002037903000934 0.002271660863662 0.002444662035940 0.002616623212011 0.002853450225035 0.003165180880559 0.003524012005633 0.006435058311825 0.004817931413200 0.004541806659235 0.005422329275516 
0.000177881166027 0.000245237675360 0.000374206967514 0.000569327098930 0.000831219118907 0.001152134659209 0.001512682909011 0.001887103293000 0.002273281053934 0.002647563148771 0.002915979914611 0.002981868043892 0.002990149355182 0.003094275810309 0.003284510951686 0.003524012005633 0.004391376745195 0.004082424943027 0.004279412824148 0.004601844082580 
0.000228290120970 0.000311235292982 0.000471096331695 0.000715497272633 0.001049075561390 0.001466060722909 0.001936971768451 0.002398703085124 0.002904739002558 0.003479361074741 0.003889289803080 0.003704635318444 0.003383431813399 0.003339207150300 0.003401934273824 0.003488292328687 0.003524012005633 0.003524012005633 0.003911285954378 0.004134088261617 
0.000282355775281 0.000379417558118 0.000567443470860 0.000858908084066 0.001267784540892 0.001803165091776 0.002437909285497 0.002928137463678 0.003524012005633 0.004548903984389 0.005538021622579 0.004642422241176 0.003559470369555 0.003524012005633 0.003524012005633 0.003513321309501 0.003521008957098 0.003524012005633 0.003727232060907 0.003930022726741 
0.000340463746283 0.000447108237839 0.000653454748176 0.000976253232200 0.001441905731233 0.002103429731898 0.003118213996128 0.003376877680473 0.004114493052856 0.005685970116639 0.009106003509090 0.005797692104911 0.004415853193243 0.003799255919030 0.003719420316091 0.003524012005633 0.003524012005633 0.003576667710301 0.003863029754005 0.003968158354657 
0.000409155699048 0.000518692740458 0.000727844793165 0.001051120443838 0.001505666279275 0.002103431996856 0.002813765113754 0.003364285424298 0.003878257284916 0.004983555317767 0.005672914767718 0.005047283654830 0.004520931960632 0.004278525405083 0.004297899340789 0.004367239678133 0.004393346906472 0.004297098696870 0.004196060982296 0.004148179998473 
0.000502017856059 0.000608168458999 0.000806832195051 0.001109309852837 0.001527781638475 0.002068777277918 0.002717678587871 0.003414016747927 0.004113160457165 0.004702298781088 0.003564635648600 0.004222632478471 0.004369611470299 0.004516441609885 0.004836706830726 0.005396084699655 0.006268879630568 0.005289670506565 0.004572300944215 0.004303259666427 
0.000636657239944 0.000734997296422 0.000914143913890 0.001181623905444 0.001548011388947 0.002028242918324 0.002648880427475 0.003500682774212 0.004988193409213 0.008826077161166 0.003524012005633 0.003936618633722 0.004253113307492 0.004609333784466 0.005151449104382 0.006453408924545 0.009996416410707 0.006464036462718 0.004865220831531 0.004199145108317 
0.000829390326154 0.000918599830299 0.001074743868254 0.001297894570286 0.001592449884826 0.001971701581036 0.002448008757090 0.003011211542784 0.003524012005633 0.003524012005633 0.003524012005633 0.003774224944015 0.004130911704326 0.004543996725905 0.004723091523570 0.005275699601816 0.006406838249452 0.005705071239185 0.005218831207073 0.006172599163656 
0.001089120992569 0.001173172523798 0.001312299858652 0.001491859317520 0.001702314170088 0.001961297893308 0.002282774476771 0.002649723278217 0.002983991109099 0.003167097177845 0.003324488969344 0.003524012005633 0.003975490376214 0.004728805757812 0.003931173546753 0.003524012005633 0.004651566243272 0.004731038057297 0.004587529802674 0.004761374187781 
0.001411260164038 0.001502504559611 0.001646710899722 0.001800831421297 0.001917152508379 0.002044916411607 0.002222397595401 0.002451391554026 0.002697496698350 0.002919108734253 0.003135756234244 0.003352547142544 0.003524012005633 0.003558839098397 0.003524012005633 0.003524012005633 0.003919928195551 0.003980122527669 0.003638918368576 0.003524012005633 
0.001772395169384 0.001894120077937 0.002093089314919 0.002279076687451 0.002265343804010 0.002236813068530 0.002277024540494 0.002400557578329 0.002587339696281 0.002807675080322 0.003045015548071 0.003275982172721 0.003448989376954 0.003506990099758 0.003518869302627 0.003524012005633 0.003524012005633 0.003682021801612 0.003741485367705 0.003524012005633 
0.002126092035183 0.002307251733102 0.002652584470268 0.003062108494271 0.002752209684673 0.002506374282436 0.002415498563240 0.002463742177066 0.002616161350838 0.002833050816863 0.003082352829083 0.003336556793710 0.003524012005633 0.003517322825287 0.003524012005633 0.003594633619038 0.004710609395308 0.004029813455166 0.004383709234954 0.007332463561639 
0.002404406632513 0.002642203978837 0.003223470532084 0.004627592522432 0.003272370607825 0.002750183304293 0.002572345697798 0.002595180913556 0.002749196878603 0.002974408261011 0.003230380846342 0.003524012005633 0.003851711505548 0.003524012005633 0.003524009268124 0.003524012005633 0.003621070721153 0.003548148902709 0.003524012005633 0.003524012005633 
0.002552743617740 0.002716046767126 0.003026940901495 0.003392078962043 0.003043299270204 0.002770296358757 0.002675955791870 0.002752088835299 0.002955226500564 0.003201562422027 0.003413853823436 0.003765292049587 0.004845909897067 0.009085370381082 0.003524012005633 0.003500484623672 0.003477581881454 0.003389629236495 0.003310993477911 0.003269362998268 
0.002654997598403 0.002736525313417 0.002861148455144 0.002952284211862 0.002843612946675 0.002740292555724 0.002751240790907 0.002915999275904 0.003219420358314 0.003524012005633 0.003494219742072 0.003524012005633 0.003524012005633 0.005114223106911 0.003524012005633 0.003490230320614 0.003428202118016 0.003267110475985 0.003118875073546 0.003037245857757 
0.002797745800785 0.002817042659756 0.002833061536781 0.002823368606872 0.002765006410304 0.002735553994763 0.002810317488944 0.003047348868444 0.003524012005633 0.004903859090679 0.003524012005633 0.003512689494225 0.003524012005633 0.004323498035296 0.003728929209522 0.003524012005633 0.003520426917190 0.003207042673282 0.002959825571395 0.002834805939125 
0.003036713347962 0.003002918140709 0.002940818751116 0.002865956358679 0.002795012523558 0.002772053550418 0.002840499633351 0.003022932598069 0.003299103466582 0.003524012005633 0.003474515148495 0.003487385173071 0.003542881812890 0.003706385840579 0.003558772608989 0.003550136287454 0.003959278454076 0.003175977428876 0.002810766622570 0.002655944867529 
0.003408316381649 0.003308470232932 0.003165231496563 0.003024901521251 0.002913402788553 0.002861489595669 0.002891290328629 0.003004554647688 0.003171814659312 0.003320446617887 0.003384818126821 0.003444799672482 0.003480126369630 0.003437212089971 0.003294653929372 0.003195411886471 0.003155925182562 0.002842171184985 0.002609670250735 0.002498277760494 
0.003956992267261 0.003732042359509 0.003475348437789 0.003260970477366 0.003095421481759 0.003002055945565 0.002986538805891 0.003037374323321 0.003133502786145 0.003243142875075 0.003336340584368 0.003458619181095 0.003524012005633 0.003323751595441 0.003066150273320 0.002875013115049 0.002739486924299 0.002578779728344 0.002467058196311 0.002420960145834 
0.004784689449781 0.004242194310913 0.003810057102694 0.003529725534894 0.003304730246406 0.003175209094277 0.003124549666507 0.003118641539218 0.003147134684456 0.003216790441402 0.003294584111910 0.003553254494982 0.004323210166038 0.003333876054987 0.002875054490665 0.002628806169083 0.002499132419939 0.002437995221123 0.002443028575508 0.002485398567517 
0.006183272962350 0.004675666245752 0.004033354336954 0.003788935316210 0.003486389434592 0.003348963804941 0.003297852841566 0.003236959843957 0.003164798930282 0.003119247969424 0.003108062226198 0.003167722520323 0.003257242087019 0.002896780671303 0.002594324936909 0.002415006629119 0.002354808450394 0.002401744048246 0.002547964514743 0.002748710520845 
0.004813802497274 0.004259586606006 0.003872076356405 0.003678912166320 0.003538605961943 0.003480962298442 0.003524012005633 0.003416841376129 0.003205707858665 0.003034198726201 0.002907819195633 0.002817183054149 0.002718683726404 0.002511365887594 0.002328854133724 0.002239099542077 0.002266294136572 0.002420077491033 0.002725787999225 0.003301957501519 
0.004020612463030 0.003685910051198 0.003524012005633 0.003524012005633 0.003524012005633 0.003524012005633 0.008663420401121 0.003726251849349 0.003253648432860 0.002963980910580 0.002745608485739 0.002562581771776 0.002394666767348 0.002229725681771 0.002118745010034 0.002104499968884 0.002206144270313 0.002419947239930 0.002715941211281 0.003009274615735 
0.003602879212449 0.003524012005633 0.003488994303765 0.003508236784979 0.003516904823366 0.003517030419913 0.003524012005633 0.003432424803236 0.003161930718273 0.002887825883356 0.002632171839850 0.002395546977067 0.002189642014735 0.002034616597239 0.001965358494219 0.002010863509556 0.002182281481488 0.002465101288750 0.002804544144529 0.003076909087650 
0.003350989297235 0.003375350963996 0.003436086139530 0.003522005020301 0.003524012005633 0.003505740458618 0.003461505050219 0.003339696055415 0.003119740889192 0.002861194137503 0.002588935887423 0.002308642812612 0.002065130023128 0.001901461806992 0.001853305467616 0.001945451924738 0.002188611168515 0.002574184749639 0.003056897024009 0.003498004749566 
0.003197559567647 0.003273095418668 0.003411765415301 0.003642628459935 0.004131463599439 0.003524012005633 0.003487602262497 0.003371126755808 0.003161404849765 0.002914103285502 0.002641783064739 0.002297884954679 0.001996437516695 0.001804315516435 0.001757911412318 0.001879530486844 0.002185430953248 0.002693487033720 0.003432198566104 0.004429422725282 
0.003107319775339 0.003200628294366 0.003352154482833 0.003524012005633 0.005839850437473 0.003524012005633 0.003602438082239 0.003518822547436 0.003280254303033 0.003049248920086 0.002844099436252 0.002353145110449 0.001953860414190 0.001714041279459 0.001651209995753 0.001776079753161 0.002103271115509 0.002669742511643 0.003595541965623 0.006395666216430 
0.003058068380439 0.003157387517499 0.003319140165231 0.003538592837501 0.003887505352716 0.003867960514115 0.004303521179228 0.003838188848528 0.003422506684495 0.003200611525114 0.003384332383188 0.002415183935606 0.001884344336002 0.001599020326828 0.001513321993496 0.001615253553752 0.001898785714862 0.002354700351939 0.002951031180019 0.003524012005633 
0.003023225232191 0.003124204418292 0.003274072262832 0.003440403286183 0.003524012005633 0.004225825859744 0.008797319505745 0.004118256752211 0.003395805211282 0.002972484308293 0.002672137653262 0.002131067942726 0.001700849298488 0.001436985743423 0.001345411976708 0.001420211706740 0.001644967584843 0.001985332110397 0.002371492741129 0.002665483246290 
0.002969813720761 0.003084397750573 0.003247916842140 0.003442231140550 0.003524012005633 0.003524012005633 0.004002583947603 0.003524012005633 0.003101548636784 0.002672012373993 0.002271221076215 0.001843587782162 0.001488186354242 0.001257545564728 0.001170575913745 0.001226439035747 0.001407484293839 0.001675165187110 0.001961016473008 0.002160057886883 
0.002857896169163 0.002987934789822 0.003219607090440 0.003573913296985 0.004143669411487 0.003524012005633 0.003524012005633 0.003279423455592 0.002859380664265 0.002414511773931 0.001993313266785 0.001606303314299 0.001294750543982 0.001091529452210 0.001013069100440 0.001060607464973 0.001220724837762 0.001462799506193 0.001731823739658 0.001934789840501 
0.002699363660061 0.002844686566228 0.003112781790658 0.003514268774379 0.004095514449855 0.005027321998243 0.003898723677683 0.003242946917520 0.002705361955761 0.002223944514429 0.001795224745290 0.001427695853211 0.001142154182817 0.000958273214194 0.000887831973689 0.000933336670519 0.001088642441264 0.001339946903509 0.001663155650578 0.001990877440656 
0.002510177163243 0.002662455181215 0.002936295982253 0.003311769570087 0.003705538638725 0.008597089389740 0.003815442123526 0.003135564859206 0.002574643894292 0.002087127943685 0.001663266106186 0.001309514676884 0.001039705678572 0.000867119144523 0.000800167205853 0.000841609377368 0.000990991894394 0.001253476508628 0.001669195047426 0.002423275523435 
0.002313856877812 0.002467311176229 0.002741633420260 0.003138438809765 0.003718699482221 0.004843457264076 0.003524012005633 0.002965585049615 0.002462825297329 0.002005238121608 0.001597667603665 0.001254501443117 0.000991717257892 0.000821637237155 0.000750686909352 0.000779133222835 0.000902117408386 0.001111731312833 0.001395271749430 0.001697543431908 
0.002135761126082 0.002281502194973 0.002529281094665 0.002856636593287 0.003234477953737 0.003562124475722 0.003195463502353 0.002809258229442 0.002408919352338 0.001999651470085 0.001608457487540 0.001266814459687 0.000999578840922 0.000821953265518 0.000739711810277 0.000749781367581 0.000840374250152 0.000991550870376 0.001175128089714 0.001326717410687 
0.002001408224978 0.002137335950530 0.002355108488337 0.002615743308419 0.002871561336928 0.003035931517095 0.002950028234493 0.002753745781288 0.002473633217165 0.002103679477677 0.001708694418736 0.001348175391897 0.001059846759196 0.000863021530397 0.000763424663700 0.000755254905119 0.000820297177600 0.000928365520402 0.001062745362204 0.001173303964493 
0.001925683594358 0.002056433324434 0.002255100881544 0.002471784436719 0.002676833978343 0.002831570561539 0.002891076605086 0.002871508307725 0.002733239869523 0.002352558405144 0.001904525652819 0.001491504009805 0.001160824956297 0.000931958058948 0.000809270621231 0.000785962686165 0.000840157370154 0.000914267768798 0.001040628967508 0.001188703714961 
0.001906219446205 0.002042575505810 0.002240914054824 0.002420109326675 0.002601508509072 0.002788753761451 0.002980573479946 0.003184159068134 0.003321570486269 0.002770828600479 0.002180060943262 0.001673678477524 0.001280796115036 0.001008380484347 0.000855066748627 0.000815961282016 0.000889532174050 0.000903014822626 0.001045127151107 0.001385501678615 
0.001922862350112 0.002085228766057 0.002329640384988 0.002433103298443 0.002579805018812 0.002797631050067 0.003111994680974 0.003613273535942 0.004649197984123 0.003305472018540 0.002467079467816 0.001849910725428 0.001391239519561 0.001071445079703 0.000876705627889 0.000789877639558 0.000783881212589 0.000804915601205 0.000884561021157 0.001002172629034 
0.001936161068633 0.002146084716951 0.002612306749104 0.002461258170534 0.002544917783619 0.002761968630917 0.003095400235832 0.003524012005633 0.004127255850499 0.003384289956013 0.002611055164375 0.001964380040303 0.001468364467680 0.001114628903873 0.000886244178342 0.000761214929888 0.000711821583858 0.000707582163987 0.000738898141385 0.000780186603939 
0.001894383529185 0.002035719320089 0.002245332331488 0.002318805358210 0.002446858601872 0.002670272429014 0.003018989716900 0.003553402320815 0.004961677313124 0.003524012005633 0.002694272462787 0.002018922173870 0.001508007003766 0.001141668649071 0.000897817519580 0.000752556677070 0.000679315716016 0.000652501225225 0.000654585866541 0.000666009105402 
0.001882301776481 0.001980356306440 0.002113971947249 0.002223069765095 0.002351411998782 0.002536625274713 0.002808829027328 0.003191854259140 0.003698637775046 0.003747428338215 0.002682021883675 0.001998451126354 0.001509838689261 0.001160359596887 0.000924250226592 0.000778840015127 0.000698359100947 0.000658134326313 0.000643502948743 0.000641686221377 
0.001953790308120 0.002034098199385 0.002141625153485 0.002239325020385 0.002325450565904 0.002430238287168 0.002579969824388 0.002770032306039 0.002931341507647 0.002838412191453 0.002353304725398 0.001875444426938 0.001480906860214 0.001181762507854 0.000976274504895 0.000850642375187 0.000778500321728 0.000730126840091 0.000703310246486 0.000694254334259 
0.002122327896577 0.002208099565115 0.002323530706064 0.002411253749536 0.002424207296114 0.002416481316720 0.002434206188717 0.002479128917726 0.002498687347464 0.002389804697720 0.002097985279147 0.001763557453995 0.001461199869189 0.001220772836829 0.001059731109393 0.000973524070870 0.000928979636908 0.000864344632695 0.000818864029933 0.000803458296726 
0.002366085742438 0.002488462725204 0.002668749739684 0.002796141107115 0.002687539288658 0.002523578708407 0.002400767490821 0.002335464673544 0.002292463549610 0.002203335021148 0.001966324602587 0.001705123091035 0.001468598538860 0.001277526379163 0.001166102022137 0.001143771410824 0.001175156444804 0.001045704410034 0.000957581094914 0.000934360782627 
0.002628102532747 0.002827985616274 0.003180407834339 0.003531536202972 0.003134902109013 0.002730377482014 0.002450909187639 0.002293695500984 0.002223894120459 0.002219698743022 0.001923042669443 0.001685040384658 0.001486736328908 0.001329684869853 0.001261931299361 0.001326001499966 0.001625754338665 0.001230396575064 0.001061647332920 0.000999638237121 
0.002813415188767 0.003111797113134 0.003775916717732 0.005084525292145 0.003693112151640 0.002939917526058 0.002514031258654 0.002282921460793 0.002161292942538 0.002064527976454 0.001866109761614 0.001663162341746 0.001485480258475 0.001348778325341 0.001288164572505 0.001314147687640 0.001376257822178 0.001220864977395 0.001091651843930 0.001028718082229 
