0.009635766159948 0.010079485083873 0.010744468309643 0.011418794879374 0.011591024266108 0.010405745762338 0.008771187619906 0.007196500880110 0.005843679174400 0.004721541125827 0.003814440069001 0.003125330759796 0.002646754003963 0.002325482111281 0.002051443047064 0.001705187534043 0.001318936036298 0.000971099286223 0.000716800038248 0.000584186275829 
0.010314015864298 0.010762836714735 0.011523678552811 0.012577442263249 0.013510682168952 0.011440619798172 0.009339533888158 0.007626715200133 0.006265689367516 0.005142939851250 0.004198528050852 0.003459518387101 0.002952216167577 0.002641825366907 0.002389671260576 0.001942272849943 0.001453822513738 0.001042712180541 0.000756678403779 0.000611570697892 
0.011470162745408 0.011861207738067 0.012628349107324 0.014324380620786 0.018751958905346 0.012936200535325 0.010015258068429 0.008219698829867 0.006956126943639 0.005880607696385 0.004849846275941 0.003992422527845 0.003422835736203 0.003170543336378 0.003095887807537 0.002332899726822 0.001633904379603 0.001119769515305 0.000789108179385 0.000627928740085 
0.013081260535935 0.013247684970375 0.013355716546480 0.013671312508934 0.014021541610104 0.011890692851674 0.010012439312246 0.008727368804502 0.007870591282413 0.006982981850523 0.005734694019744 0.004618396517131 0.003894570679906 0.003735957051006 0.004570930384452 0.002708280255146 0.001728613826478 0.001134932299633 0.000780986010995 0.000613727500125 
0.015264854440841 0.015284421180120 0.014395282911805 0.013354990228290 0.011974972516972 0.010962391410855 0.009837159834557 0.009165708946317 0.009061100674602 0.008731850044498 0.006812575188588 0.005181182249678 0.004084653534166 0.003480676175791 0.003173226378267 0.002285747262870 0.001550920847226 0.001035864141992 0.000714545845515 0.000560608418665 
0.018023287469805 0.018710267017031 0.016044110822032 0.013695370737600 0.011859931926751 0.010533079236729 0.009622457168392 0.009304304798255 0.009856706337425 0.012206890215574 0.007847493349373 0.005500813283040 0.004063929865416 0.003155753298452 0.002517806802577 0.001857530761863 0.001294967674288 0.000878694857256 0.000610414763403 0.000479796848901 
0.020506755337659 0.025786498791114 0.017786096521944 0.013963414584333 0.011673687196718 0.010192163202002 0.009291146457081 0.008911622660259 0.008998416044237 0.009353801254348 0.007068410911849 0.005186260052227 0.003804092318983 0.002822929059987 0.002104649574453 0.001519196083354 0.001055465875212 0.000716548143704 0.000497600982988 0.000390530607009 
0.017947578528608 0.018526012734922 0.015700516118716 0.013166694372740 0.011215478891804 0.009841197953496 0.008961830302725 0.008445028535986 0.008076624347839 0.007500252666927 0.006102062403995 0.004656957057974 0.003443466163566 0.002506995359027 0.001801719259142 0.001264197616030 0.000862134865740 0.000577648188325 0.000396801483354 0.000308928474164 
0.015132740765554 0.014935716834384 0.013674939340173 0.012219278317776 0.010710378910636 0.009567973763574 0.008799390117178 0.008243280265392 0.007642801355139 0.006701384277379 0.005459577436483 0.004203971205394 0.003112551661983 0.002240777143567 0.001574646143793 0.001077717885110 0.000718168553753 0.000471193124801 0.000317485067906 0.000243665350154 
0.012883606810602 0.012700232308777 0.012135696559119 0.011612384535951 0.010296050965936 0.009447139275744 0.008910872543011 0.008446322024485 0.007761908796085 0.006464823974461 0.005136470554766 0.003906685309424 0.002865723826526 0.002038727683008 0.001409037088858 0.000945453090788 0.000616807718400 0.000395922915785 0.000260951542311 0.000196871120982 
0.011156600372677 0.011092093742995 0.010737883470936 0.010333373296493 0.009795225552665 0.009481202475178 0.009371352786865 0.009124834161534 0.008017154432373 0.006509797060098 0.005031500953202 0.003746114578295 0.002703927874177 0.001897415973433 0.001293883052746 0.000856120131900 0.000550280074802 0.000347567287654 0.000225138662616 0.000167440786467 
0.009775774015977 0.009948344001643 0.009637166998486 0.009484391147243 0.009473139455797 0.009745828847556 0.010350761229208 0.010949374398215 0.008915953842599 0.006829796780026 0.005076244063600 0.003682340761145 0.002612171872065 0.001812063176949 0.001226268123741 0.000807011004239 0.000516345310495 0.000324499848546 0.000208880505811 0.000154422936570 
0.008447163589597 0.008581017037510 0.008654483739273 0.008853003224331 0.009271098752973 0.010066578061087 0.011644950551335 0.015609647985660 0.010135182273281 0.007150014222337 0.005128975916690 0.003657356438408 0.002576331391617 0.001787676700157 0.001216217313146 0.000806938863834 0.000520968151193 0.000330169505257 0.000213981428195 0.000158845671389 
0.007367617831720 0.007579108458055 0.007898636616408 0.008381974975859 0.009067750545379 0.009927389867047 0.010752177022115 0.011364232742646 0.009113072259059 0.006850138723544 0.005019629312884 0.003627427738392 0.002598476390202 0.001843948515354 0.001286080562330 0.000873919593948 0.000576246927083 0.000371793125640 0.000244536833055 0.000183353468166 
0.006574226804423 0.006870712412172 0.007365079092171 0.008072524968529 0.009015416699411 0.010088067851751 0.010282717810562 0.010164972808443 0.008380004788740 0.006478388841060 0.004875235605065 0.003636894807511 0.002714360291211 0.002018721245789 0.001467871019256 0.001030038930410 0.000695342097402 0.000456433537113 0.000304167604322 0.000230091915005 
0.006047489200411 0.006403782376170 0.007002487612106 0.007849514220566 0.009080683312929 0.011283769982862 0.010285104425733 0.010782748215237 0.008042340438544 0.006177793525007 0.004777781774931 0.003739174733518 0.002975436155675 0.002367384058392 0.001799738389328 0.001294691551406 0.000885737671660 0.000585819900851 0.000392372338208 0.000297904318599 
0.005763655334484 0.006146826804050 0.006760236041055 0.007519737641171 0.008340722688468 0.009109678267498 0.008888240833709 0.008473993848336 0.007109276909832 0.005792310471001 0.004733967483615 0.003969095329467 0.003438934161684 0.002977859174459 0.002322588693979 0.001674400850374 0.001140747945919 0.000751027212627 0.000501424086780 0.000380246066295 
0.005719402199249 0.006116798904464 0.006723802892709 0.007381446852125 0.007858113419478 0.008108531931155 0.007898967734183 0.007371232015273 0.006475347519495 0.005553857754214 0.004814168293261 0.004349663672485 0.004156335681279 0.004039750123264 0.003064495769989 0.002141434970619 0.001428717300856 0.000928790126154 0.000615693555579 0.000465447549316 
0.005917146537503 0.006331069437530 0.006951800199165 0.007599382034340 0.007813041643562 0.007815647983077 0.007523778272531 0.006982991709124 0.006267237147228 0.005562349776203 0.005035594739322 0.004817976593310 0.005060020005389 0.006120760528521 0.003935556062380 0.002586587526641 0.001684194464576 0.001083998285578 0.000715871028723 0.000540697441944 
0.006354575300794 0.006787219335254 0.007409369414074 0.007972180590947 0.008178225650374 0.008091970720099 0.007732801589113 0.007156823771130 0.006474922750118 0.005832484212898 0.005360384768441 0.005159833607003 0.005331498470002 0.006068267553853 0.004111748241835 0.002769677248739 0.001828226004631 0.001187500455831 0.000789815375855 0.000599464219031 
0.007031514224884 0.007523216124214 0.008244562949686 0.008898889544149 0.009059150808325 0.008921254055794 0.008496682308256 0.007824346108681 0.007066268961226 0.006366996821660 0.005823172519181 0.005465300288715 0.005237138524915 0.004930102023687 0.003841268850176 0.002761009120400 0.001886208200180 0.001251560741330 0.000845498267995 0.000648378714770 
0.007898968500683 0.008500811505311 0.009455006406497 0.010477600453262 0.010424959582549 0.010282309194984 0.009810741341001 0.008927493216654 0.007984942426875 0.007153309705353 0.006499142611743 0.005996722187566 0.005507453025422 0.004803155829525 0.003806047945701 0.002801192963735 0.001953095826278 0.001320253132247 0.000908558842838 0.000706955635348 
0.008847112196443 0.009581198202288 0.010840367324869 0.012247630722023 0.011974972516972 0.012148286531764 0.011770699094114 0.010365933344105 0.009106529540801 0.008113452534806 0.007387975469846 0.006862757549892 0.006307906844868 0.005263709809904 0.004074012850499 0.002979544403941 0.002089045713048 0.001433958250859 0.001009834090532 0.000802397574934 
0.009737429433229 0.010584843322163 0.012330115373829 0.015748100491131 0.014111454303802 0.014669226261244 0.014908499278470 0.011836960911373 0.010179725389878 0.009079716352448 0.008380697293237 0.008058997186534 0.007881718572605 0.006167842191460 0.004561670695729 0.003275722039733 0.002305299562417 0.001617600729137 0.001179788777434 0.000967073561721 
0.010423542023751 0.011111257626576 0.012367489823767 0.014045185551178 0.015014399028997 0.017565324873796 0.021432030204088 0.011974972516972 0.010830078215276 0.009845201798822 0.009229365920841 0.009330642559363 0.011174032888549 0.007226732425392 0.005042696236266 0.003595416741921 0.002583579161003 0.001889582862447 0.001452860184874 0.001241156464072 
0.010981675277889 0.011434517411941 0.012196728936283 0.013133370548246 0.014363952680537 0.019171560878112 0.041298868136457 0.011974972516972 0.011413057976383 0.010396256724807 0.009538558200750 0.008992810069481 0.008602331910587 0.006754395308241 0.005102041846143 0.003837433816243 0.002919930170236 0.002283490659925 0.001877113458014 0.001677057105117 
0.011488891713068 0.011696254017239 0.011974972516972 0.011974972516972 0.011974972516972 0.015878231299077 0.019867835573934 0.014504934923112 0.012527699935888 0.010920505024827 0.009700828104558 0.008677077058820 0.007682981245968 0.006361407136250 0.005115654000593 0.004118905468040 0.003386414669401 0.002869218755935 0.002520226572103 0.002338722588985 
0.011974972516972 0.011974972516972 0.012749908055655 0.011974972516972 0.011974972516972 0.013679372087851 0.014908531838280 0.013690630780867 0.013327490026044 0.011168944887324 0.009817366776652 0.008532311810580 0.007345811819086 0.006213555801819 0.005259326169568 0.004556630051844 0.004083197486636 0.003745981347167 0.003462569776259 0.003288934790467 
0.014454410233092 0.015359234554879 0.015074818979675 0.011974972516972 0.011849041195729 0.011974972516972 0.012460895702247 0.012086884076805 0.011608889817136 0.010700022933255 0.009972672521314 0.008493653479892 0.007243867469272 0.006249096042544 0.005567254870179 0.005215552391767 0.005112945842812 0.005049005043425 0.004784906803113 0.004561099688161 
0.016072305341094 0.019938281353192 0.015104067612263 0.012517232741453 0.011526356772312 0.011142376470137 0.011007709608402 0.010741103380373 0.010452893303135 0.010140215239001 0.009831592806390 0.008432645354468 0.007204581623940 0.006367919731680 0.005990251315632 0.006092349363071 0.006574161859680 0.007022875334057 0.006550947681491 0.006103824204951 
0.013934766759501 0.014545207320302 0.013008365924595 0.011616852817492 0.010772330659289 0.010255808207248 0.009920361660708 0.009661317432128 0.009538299502585 0.009733774541016 0.010881975596589 0.008441160631594 0.007125688083214 0.006454936376083 0.006397971137402 0.007053999265878 0.008506254706026 0.010330450514000 0.008735787210020 0.007665523914637 
0.011470995706084 0.011534147047529 0.011015043566576 0.010422704636097 0.009950651958974 0.009473049002213 0.009072187665336 0.008770951731574 0.008598864497137 0.008569976262396 0.008562606818426 0.007606794177515 0.006795056599141 0.006385948443732 0.006570668264058 0.007667388934041 0.010433911001020 0.017324524003953 0.010770986730869 0.008581738193568 
0.009396467252689 0.009478460361765 0.009443305572038 0.009420670217861 0.009422045538727 0.008941122603431 0.008497592407775 0.008150723144221 0.007908659063564 0.007739280554574 0.007520065904174 0.007018373043561 0.006514797032598 0.006218028464946 0.006329340189904 0.007052713706947 0.008524310617881 0.010348463278339 0.008773294322127 0.007714557919214 
0.007847067330982 0.008027993856618 0.008282521298221 0.008717656579202 0.009591263100473 0.008697563959789 0.008229881352517 0.007876911369612 0.007613219422433 0.007417872312946 0.007212477798697 0.006905881143798 0.006534487188162 0.006174856239291 0.006009334676816 0.006184995759441 0.006682420842935 0.007131829390483 0.006671252530296 0.006233205110029 
0.006862549877627 0.007094870078003 0.007433689229367 0.007882991931785 0.008358408440889 0.008342532788969 0.008256239779162 0.007982328659274 0.007747959174563 0.007611233252218 0.007510711107060 0.007371414309893 0.007074868742311 0.006491112140479 0.005907838457960 0.005536474194789 0.005392303933677 0.005299889969734 0.005027369363816 0.004803459758095 
0.006503842251334 0.006740241719981 0.007071840396225 0.007497472745702 0.007983155328784 0.008428596527333 0.008855347352884 0.008488475337140 0.008259885282740 0.008253067711575 0.008336373847388 0.008487053551189 0.008412925913485 0.007346538963670 0.006153389793153 0.005218232975738 0.004590245608869 0.004169557710668 0.003849893054784 0.003664207471692 
0.006827744760530 0.007030817621503 0.007282560459639 0.007620140264359 0.008107912823365 0.008892321210653 0.010507250686044 0.009214756917106 0.008946836657830 0.009199077560293 0.009497039209795 0.010226704522266 0.011167529106921 0.008812593020162 0.006668878468258 0.005137487776357 0.004120928456677 0.003465670227522 0.003056338624793 0.002853062877408 
0.007855113897738 0.008008445906579 0.008083800966140 0.008186712577571 0.008414676441877 0.008819013709297 0.009327781701972 0.009191689579637 0.009404724503794 0.010324254725191 0.010483235471286 0.011974972516972 0.017473477071463 0.010464670114913 0.007051881667342 0.005056811655813 0.003809413579339 0.003025316744831 0.002555585088797 0.002331953489236 
0.009541041455328 0.009726148489171 0.009478197982314 0.009197929555713 0.009042131724587 0.009040621052936 0.009106882234967 0.009128254740078 0.009373175467008 0.009881226038054 0.010265341365125 0.010821886141630 0.011484238063512 0.008854305898799 0.006460218040037 0.004713527397575 0.003524563153341 0.002749425129390 0.002275121914574 0.002046995828865 
0.011683017114405 0.012396525711905 0.011396457802703 0.010563948007098 0.009976795781663 0.009621487863178 0.009329547913931 0.009217804928975 0.009397118753164 0.009806769818500 0.010105090878918 0.009782527179113 0.009056568661460 0.007382342817400 0.005662302224758 0.004277067199861 0.003283838422673 0.002612143345198 0.002172330857142 0.001950303096098 
0.013527296363111 0.017098965806007 0.013419366655653 0.011974972516972 0.011035732965650 0.010513644895400 0.009781303489162 0.009432688106049 0.009570669480063 0.010161721742078 0.010844101818085 0.009452341281162 0.007935362273841 0.006372193804929 0.004976822438428 0.003893360064146 0.003139968690416 0.002630247684695 0.002221241774860 0.001994363326084 
0.011974972516972 0.029145157338974 0.017675924050960 0.013237335332031 0.011878939873126 0.011851274579388 0.010226058826953 0.009591489895552 0.009694916378973 0.010740549308707 0.013870314149716 0.009569267958453 0.007258272422926 0.005635302479896 0.004426296513075 0.003596142104422 0.003114973084158 0.002858716259683 0.002387511050076 0.002110196810785 
0.011974972516972 0.016517225624099 0.014911758815455 0.011974972516972 0.011489229540717 0.010940085551978 0.010042438162256 0.009464316990260 0.009301671160392 0.009514134803864 0.009781893161146 0.008025284678564 0.006317384015188 0.004940307125466 0.003935600428027 0.003327638009243 0.003147759456941 0.003486927405691 0.002573270281046 0.002177919260955 
0.013212252378250 0.014089565893311 0.013505685110864 0.011974972516972 0.011356014376296 0.010684975365253 0.009984485850352 0.009429872555340 0.009027826475498 0.008659113799924 0.008087298702075 0.006856429781279 0.005510493807092 0.004341746004920 0.003476589135337 0.002969395247185 0.002847935497024 0.003160353045585 0.002375393121709 0.002022769876186 
0.013638597306281 0.013185978020394 0.013109557600728 0.012339872944494 0.011539365320109 0.010860910850418 0.010280837955740 0.009784946567482 0.009254159023519 0.008505230191060 0.007522273445882 0.006282276700177 0.005015008383050 0.003913086025422 0.003081710840059 0.002553658976789 0.002298551806385 0.002194781763366 0.001871329046150 0.001670218755413 
0.014577404821441 0.011974972516972 0.013536191574419 0.012924051321864 0.011896190437878 0.011353458526466 0.010985259454526 0.010692273840535 0.010205257327260 0.009071047616355 0.007686023599227 0.006213002738416 0.004835003977329 0.003676676846293 0.002798416489347 0.002203079043476 0.001841824235043 0.001617505943693 0.001409007724729 0.001284275608959 
0.018477862825227 0.018496619404271 0.016257464856239 0.014095493241381 0.011974972516972 0.012020876666726 0.012032752855832 0.012217948613204 0.012206740633036 0.010282271701444 0.008330064186716 0.006471439782389 0.004877650616961 0.003595342068366 0.002630756518819 0.001957329023064 0.001518566714017 0.001238968260963 0.001052105735363 0.000954341123095 
0.022384392851051 0.027315114030058 0.018998797912077 0.015323422102399 0.013465585635498 0.012980367185920 0.013215000392131 0.014214938246802 0.016342799810077 0.011763184385203 0.009113365733510 0.006797893772123 0.004995572847876 0.003594212193991 0.002546625874281 0.001805456977572 0.001310217284437 0.000994425447827 0.000803147106322 0.000711009473594 
0.021371837539728 0.022968336987941 0.017187955662703 0.014876490027568 0.013761663519875 0.013452948729981 0.013840276426093 0.015178631948522 0.013935408438989 0.011401961837416 0.009026670048863 0.006866824717497 0.005051903786577 0.003603750084856 0.002506965215818 0.001721175980411 0.001189260228985 0.000849400972301 0.000649147730633 0.000555793894144 
0.018770653748489 0.016175870712721 0.011974972516972 0.013387785287571 0.013460720525660 0.013449718043101 0.013662554863539 0.013875892965180 0.012900122073960 0.011012569031568 0.008895146464647 0.006851985865208 0.005064025726787 0.003606924868408 0.002490408211785 0.001683791058161 0.001134134065820 0.000782161325294 0.000576135735746 0.000481038219170 
