0.000635865855057 0.000620222084706 0.000574849224946 0.000525549436867 0.000505981761521 0.000542796471828 0.000652672769051 0.000841774167574 0.001105941777541 0.001429644877408 0.001774032910323 0.002014380396403 0.001681018378441 0.001264212355780 0.000894556571360 0.000602618705023 0.000388754453563 0.000243418219922 0.000154792282108 0.000113048564256 
0.000698360625786 0.000692235374309 0.000631731841640 0.000569653913293 0.000543854871040 0.000578363719568 0.000687476742516 0.000876128467559 0.001141806106083 0.001482989992600 0.001927354251485 0.002618381716121 0.001809265689122 0.001276330361323 0.000884883685597 0.000594242878782 0.000385448609721 0.000244100470022 0.000157720734920 0.000116905713697 
0.000797894180968 0.000840508625081 0.000720760038593 0.000635422939515 0.000600113135800 0.000630743503033 0.000738128404113 0.000924021913018 0.001179881361922 0.001491060033120 0.001864686788543 0.002429725565555 0.001695429634878 0.001197628497649 0.000833285655230 0.000564247714600 0.000371111849101 0.000239807188651 0.000158994932608 0.000120563689518 
0.000875550729064 0.000861881443848 0.000783792353580 0.000705512025474 0.000668192503201 0.000696516012882 0.000803160559681 0.000988797381417 0.001236136065039 0.001491572842568 0.001642141013074 0.001703227904388 0.001384290031547 0.001039996433142 0.000748014900225 0.000520526061814 0.000352953784501 0.000236664386029 0.000163695713696 0.000128482915514 
0.000999369116043 0.000975776139237 0.000887326384491 0.000797704219597 0.000751446638347 0.000774090201172 0.000879533929738 0.001073971794789 0.001351833019386 0.001648575806977 0.001553042076436 0.001398800175333 0.001151615823945 0.000892391193431 0.000664652934711 0.000482110749675 0.000343766650816 0.000243977557140 0.000178812040121 0.000146444827425 
0.001186522133289 0.001191507443877 0.001044249461057 0.000917156353211 0.000850301736043 0.000859360962673 0.000954517894605 0.001151726396521 0.001505488363181 0.002233591502635 0.001569774580233 0.001243218528553 0.000995692875334 0.000783751175062 0.000607676831030 0.000467863723285 0.000358427070658 0.000272534658951 0.000211781847147 0.000180084807127 
0.001407256725203 0.001589011750262 0.001236274115276 0.001051532937167 0.000960459327150 0.000949093744375 0.001012500098086 0.001143378605130 0.001328076768518 0.001508356341698 0.001298334676287 0.001073817718105 0.000878223292708 0.000716621708793 0.000590147957165 0.000493518974881 0.000412840469376 0.000333035339750 0.000268399635533 0.000232686014531 
0.001480709987119 0.001478613945332 0.001317514874383 0.001170759341286 0.001079528700683 0.001053651444059 0.001085889512140 0.001152085150657 0.001212702904585 0.001224982658452 0.001105928941588 0.000951438606728 0.000808869721104 0.000696792653444 0.000620323056161 0.000572666484300 0.000527699309394 0.000434755858315 0.000349864654145 0.000302314768014 
0.001618903071068 0.001581534999556 0.001454442415281 0.001317089704780 0.001221397086592 0.001186001295268 0.001202491378139 0.001232639489065 0.001206516437891 0.001137621447706 0.001024329689032 0.000901492351324 0.000796825970270 0.000726122131811 0.000697738690083 0.000713265167002 0.000744387573422 0.000581187278037 0.000447632694831 0.000378725809402 
0.001871116510923 0.001841328083245 0.001676951333582 0.001504303571720 0.001387247272286 0.001345074937534 0.001371715076931 0.001423245624825 0.001298626597751 0.001162109527002 0.001033052528900 0.000922646841242 0.000841305776861 0.000797225997236 0.000802172609670 0.000891068883126 0.001190393102510 0.000744009436446 0.000533864460237 0.000442452042823 
0.002227034099380 0.002298298769834 0.001978717889145 0.001713434207614 0.001556093717130 0.001505143241157 0.001568693465624 0.001823083210880 0.001452053888598 0.001247706765923 0.001107004937881 0.001006232142680 0.000938966730087 0.000900392531694 0.000886608369236 0.000895639165396 0.000902146015695 0.000712237475358 0.000556212669255 0.000474751124306 
0.002570420983347 0.003186780368452 0.002286432298406 0.001885323044162 0.001691035557643 0.001615247112137 0.001616618068106 0.001640147426821 0.001490348549347 0.001343028397288 0.001227896121695 0.001148014335412 0.001095924674383 0.001055509355595 0.001008296907637 0.000945664572161 0.000848894026594 0.000697742170894 0.000565669991318 0.000492287995180 
0.002341412415051 0.002431968234226 0.002148419553698 0.001917974828304 0.001779041918869 0.001716854142532 0.001702737966917 0.001685321732964 0.001593662938214 0.001486652886433 0.001401931112263 0.001351142254051 0.001323713513674 0.001286583778128 0.001195857049231 0.001062770982698 0.000894958337560 0.000723057347562 0.000585954409553 0.000511108563343 
0.002096307856707 0.002109491618443 0.002023236191200 0.001930111819833 0.001863285954505 0.001842348331417 0.001861038585425 0.001872868476762 0.001787116101159 0.001690065583643 0.001627345213527 0.001613568991184 0.001635255751186 0.001630763185014 0.001462613007549 0.001231818632762 0.000991592501354 0.000778684958034 0.000621014031887 0.000537634352873 
0.001937586974372 0.001965963979421 0.001980577777177 0.001988720087133 0.001973329166387 0.001997780723934 0.002091812999590 0.002221460326675 0.002061507394526 0.001934304986983 0.001879852655560 0.001912202272023 0.002036267137959 0.002191806413903 0.001835696220115 0.001452042537541 0.001117864792445 0.000851658393018 0.000665845203498 0.000570378583286 
0.001864704542161 0.001924478842708 0.002020595999261 0.002136510119523 0.002107139054302 0.002143473913833 0.002337589079263 0.002899710411840 0.002356182764277 0.002166098249447 0.002106171879710 0.002174648551237 0.002453353201345 0.003306287843176 0.002276960576430 0.001671051620503 0.001239042149097 0.000922147050195 0.000709651688164 0.000602573435926 
0.001849829823028 0.001933326944304 0.002106027364178 0.002471403271861 0.002223385865134 0.002177386203781 0.002244047785289 0.002320973843092 0.002329144682896 0.002308866482699 0.002244750846908 0.002261690551231 0.002320973843092 0.006325498254820 0.002320973843092 0.001760865610738 0.001308700580800 0.000968433435505 0.000740270789260 0.000625732431673 
0.001863983685543 0.001931848692328 0.002045507826433 0.002184515362738 0.002169974699823 0.002136938941663 0.002166623123351 0.002243660914243 0.002350238330526 0.002518462598813 0.002320973843092 0.002319611741423 0.002320973843092 0.003673645616351 0.002320973843092 0.001780618733951 0.001328396527248 0.000983057515186 0.000750390590475 0.000633466239354 
0.001911623871648 0.001957476389315 0.002012629925097 0.002082979986711 0.002159724288429 0.002072845155035 0.002078981451185 0.002160471295520 0.002320973843092 0.003100851876804 0.002530168359144 0.002379687224023 0.002355963172404 0.003727136524402 0.002320973843092 0.001748983953197 0.001302690152022 0.000965218946861 0.000737557439256 0.000622931720298 
0.001995372488556 0.002034123383712 0.002015189308753 0.002007228165949 0.001999803626313 0.001961328077484 0.001965256140485 0.002030726258986 0.002156924631142 0.002320973843092 0.002320973843092 0.002316861634356 0.002320973843092 0.002586942806880 0.002098831994945 0.001631556960644 0.001231118583556 0.000917860044683 0.000703559370375 0.000595018280104 
0.002094433161608 0.002205624371779 0.002054221747172 0.001981575093420 0.001925116269737 0.001874667082673 0.001859599524580 0.001897543950238 0.001987354396374 0.002103844686463 0.002186958877795 0.002252452775786 0.002274996294731 0.002215057320317 0.001883676579255 0.001495074190892 0.001138534018026 0.000852330235163 0.000654496482151 0.000553866537750 
0.002105398684401 0.002112271135503 0.002056275683859 0.001997852862362 0.001916224824856 0.001837082628652 0.001789790687422 0.001794175422114 0.001855457001113 0.001963513845320 0.002097883343087 0.002245585395944 0.002320973843092 0.002136503020204 0.001762932532246 0.001380410596635 0.001044665077380 0.000779538167288 0.000597465910702 0.000505082476922 
0.002127252552384 0.002107965832946 0.002103341954914 0.002093959424427 0.001980904063019 0.001860360708639 0.001769421074452 0.001732284543797 0.001761393711201 0.001859615502119 0.002032230570120 0.002320973843092 0.003347115107819 0.002270905295218 0.001692876386206 0.001276603303080 0.000951035136751 0.000704553532751 0.000538139636748 0.000454275318443 
0.002088773451179 0.002120189876477 0.002192550347466 0.002333025063065 0.002122201712575 0.001945937866241 0.001800166269487 0.001710232746902 0.001692892555168 0.001752989388713 0.001888731792702 0.002094434174703 0.002320973843092 0.001932990885502 0.001505814813072 0.001142157819928 0.000850105215645 0.000629564535587 0.000481453478583 0.000407049136180 
0.002070342723561 0.002135148901387 0.002243502874044 0.002348057321473 0.002286574510878 0.002086101978566 0.001876789930034 0.001721958355045 0.001644835788464 0.001647923783275 0.001723588150764 0.001866011306587 0.002103039030020 0.001663352661278 0.001303408691557 0.000998529651469 0.000750159486526 0.000561225877181 0.000433949392556 0.000369908277123 
0.002068507473020 0.002167530245330 0.002344446570418 0.002565696752263 0.002642891990462 0.002310886017783 0.001992638458522 0.001757356081895 0.001612914151793 0.001549642756291 0.001546593631800 0.001571410898424 0.001565428429307 0.001350811137035 0.001099894486593 0.000864308554762 0.000664553893067 0.000509702634214 0.000404160533897 0.000350649946204 
0.002071199918321 0.002195648867637 0.002451441486275 0.002955040737663 0.003443238536494 0.002582787966890 0.002107584385754 0.001795436684863 0.001592772418865 0.001472557236552 0.001405865364333 0.001356439438985 0.001279640928695 0.001127152018727 0.000944146556812 0.000765359533485 0.000610100381993 0.000487484453791 0.000402081572785 0.000358004163574 
0.002069460475419 0.002174914358899 0.002357706975342 0.002590121761812 0.002712942093523 0.002512848116603 0.002129092658457 0.001809599152873 0.001580265451047 0.001426680083872 0.001322232979934 0.001234412548643 0.001132661982929 0.001001340992931 0.000857123423471 0.000719871369836 0.000601830713648 0.000507242739589 0.000437765343289 0.000400280301885 
0.002095271244184 0.002170623644139 0.002277958741013 0.002366652266111 0.002320973843092 0.002655682190465 0.002146361766329 0.001813529444954 0.001580691182854 0.001420037030127 0.001305193112638 0.001204693472350 0.001092372462059 0.000967432539965 0.000844343139964 0.000736950867564 0.000650699168875 0.000580781286583 0.000519441260053 0.000482812201451 
0.002186104731786 0.002235848550403 0.002290804608981 0.002317370995671 0.002294365813007 0.002285601463414 0.002043377363725 0.001795954748189 0.001598081049459 0.001458899305215 0.001362521877708 0.001272515405072 0.001149829230860 0.001017590370706 0.000901636210418 0.000816203500228 0.000762300636872 0.000721111199538 0.000651103258832 0.000603727351423 
0.002367157736730 0.002399875877068 0.002414407357683 0.002377462544572 0.002297874932601 0.002197190179233 0.002012348461906 0.001811349769849 0.001648040043067 0.001547678935348 0.001502903582884 0.001458921935416 0.001302950799495 0.001138289536057 0.001013537555465 0.000943715159090 0.000932890761631 0.000955314546666 0.000827481273066 0.000746982774766 
0.002644164980998 0.002680059289990 0.002671566037455 0.002547138470624 0.002381187476493 0.002255445219952 0.002072230143429 0.001875862063952 0.001728204816176 0.001672566459562 0.001726474390657 0.001833526571487 0.001544148333858 0.001300691235864 0.001149607578167 0.001083087353768 0.001126904347600 0.001381079537501 0.001011865612828 0.000872054752471 
0.002987751525352 0.003085559129025 0.003115120202787 0.002818431881264 0.002479864133454 0.002433910660156 0.002221275848281 0.001980127759323 0.001810304191067 0.001776574561422 0.001968610921268 0.002653981637454 0.001805405842903 0.001442726213583 0.001270282409805 0.001171449471510 0.001147426480297 0.001163137704564 0.001011530958214 0.000913752555155 
0.003290812400100 0.003612946470816 0.003933207550944 0.003171851393182 0.002320973843092 0.002829332020902 0.002468407595953 0.002099887866194 0.001851109849685 0.001742671784951 0.001775440840405 0.001888068199362 0.001636542802450 0.001456853555373 0.001374288095914 0.001237217823518 0.001170099057930 0.001146649534483 0.001005284145276 0.000914339031183 
0.003452924041629 0.004167984347887 0.005853610409397 0.003627206581768 0.003097678581054 0.004121560056266 0.002778841590325 0.002182152812133 0.001849226356782 0.001666254655899 0.001588491292530 0.001556001328750 0.001463834625043 0.001430106411217 0.001568832535115 0.001275749570682 0.001186626796064 0.001276461797426 0.000996583036853 0.000881986742848 
0.003473973940423 0.003768692425928 0.004069039441577 0.003267676890960 0.002320973843092 0.002837864178785 0.002377567724222 0.002075664249469 0.001796709883802 0.001593036281523 0.001461616502405 0.001378609638638 0.001313397349497 0.001282061385338 0.001272468732324 0.001148735533294 0.001055492701095 0.000999908085811 0.000871969256132 0.000796674132890 
0.003302283916959 0.003397352596917 0.003414681653857 0.003071011173941 0.002642550374114 0.002540992786998 0.002279847845998 0.002015564723478 0.001767324439879 0.001559884921697 0.001401624069194 0.001293059336000 0.001225914119464 0.001189500734311 0.001149421146705 0.001049775082727 0.000942324652244 0.000849405259424 0.000759234834908 0.000706754220466 
0.003102644116699 0.003159545090814 0.003168111971023 0.002994554781967 0.002664033167732 0.002432394931955 0.002228414718251 0.002010821078044 0.001790669359636 0.001584926048717 0.001406588561318 0.001279811093985 0.001212292384928 0.001190540382439 0.001162672321274 0.001031168271707 0.000885784216245 0.000767595715706 0.000683724473199 0.000641435046220 
0.002927769694884 0.003032232225650 0.003154858432785 0.003113457791067 0.002614139056030 0.002320973843092 0.002233268959480 0.002071303463697 0.001877795391756 0.001672166860960 0.001462638718439 0.001314547409617 0.001254179483235 0.001285295017044 0.001353902893558 0.001100463071042 0.000877689475006 0.000727821071029 0.000642889169507 0.000609265423590 
0.002716851636329 0.002937582873641 0.003346610554073 0.003717500658543 0.002369266802718 0.002320973843092 0.002340438992881 0.002207177091553 0.002028534913048 0.001817662559114 0.001538950329360 0.001355380100410 0.001294493627417 0.001414729560637 0.001916412413313 0.001203444897101 0.000868424950906 0.000695486676954 0.000618997664416 0.000606237335462 
0.002320973843092 0.002680879498221 0.003598727529061 0.006051320921113 0.003000847729641 0.002583108577461 0.002614045716722 0.002411894556069 0.002231521795988 0.001897581219116 0.001582611482740 0.001355172827669 0.001232767574529 0.001215112167442 0.001249561727140 0.000983778764346 0.000763810924609 0.000631632009405 0.000584763368452 0.000626390276765 
0.002277672334155 0.002320973843092 0.002320973843092 0.003405671637147 0.002595308013409 0.002396567020577 0.002320973843092 0.002606320508661 0.002604282642914 0.001992566692661 0.001600782522284 0.001328933256237 0.001147874084026 0.001035163025593 0.000943618069708 0.000785637677268 0.000640428095644 0.000543760828007 0.000501354391467 0.000501284999570 
0.002219940003321 0.002275603990154 0.002383331740376 0.002666943698821 0.002500212707863 0.002380475485997 0.002320973843092 0.003090230462959 0.002320973843092 0.001905458065825 0.001562455398445 0.001291706768541 0.001080834579362 0.000918658071692 0.000784573277824 0.000654048331845 0.000544546193299 0.000469698470597 0.000430800989323 0.000418943242392 
0.002177434380728 0.002228318851231 0.002312176006408 0.002414254884840 0.002384278843236 0.002319807274908 0.002279275387319 0.002320973843092 0.002076683403352 0.001788510969428 0.001517155924319 0.001274917661479 0.001053905111323 0.000865610442828 0.000712604659413 0.000589601476697 0.000497591664281 0.000436389727728 0.000401916962637 0.000387730467814 
0.002182125447539 0.002222103179543 0.002286090166771 0.002346208518416 0.002344839983353 0.002267499755695 0.002175000183290 0.002082068693504 0.001907693934747 0.001705677034274 0.001508806089370 0.001314628256935 0.001081844427265 0.000870830481563 0.000705872219819 0.000587660447727 0.000509046378071 0.000459897968358 0.000430822594365 0.000417151063782 
0.002249987723339 0.002270310509412 0.002331324635986 0.002395529646683 0.002427653306562 0.002274034442588 0.002112550566024 0.001965473161141 0.001814493846535 0.001673467415698 0.001559595634322 0.001461150319366 0.001169488768725 0.000921527578527 0.000748358209662 0.000641582644489 0.000582829736965 0.000550353029722 0.000527277054917 0.000513716637712 
0.002384382659313 0.002342318563250 0.002428939620605 0.002520716171956 0.002728815829871 0.002332666783468 0.002087149285076 0.001907183715004 0.001766528712044 0.001667473368711 0.001644349743100 0.001845501469237 0.001284257968359 0.000984670154454 0.000818773472379 0.000741970481297 0.000721114814970 0.000717644354685 0.000697264562692 0.000678359830004 
0.002616638485774 0.002320973843092 0.002555188242145 0.002551058660738 0.002522464324329 0.002279481325740 0.002050043387232 0.001867617453175 0.001730857190705 0.001629881704637 0.001536172258054 0.001459291409360 0.001200445853441 0.000998606551618 0.000892250157633 0.000877549311761 0.000927744047671 0.000982100271564 0.000943768504955 0.000901583850661 
0.003166794241127 0.003690881111103 0.002935340093564 0.002620965366889 0.002546297061334 0.002251982803682 0.002020267116628 0.001839200298644 0.001706361763049 0.001616221742674 0.001452574124619 0.001305950438313 0.001132507504597 0.001004061818388 0.000964751617796 0.001033906553536 0.001206035099559 0.001406367210781 0.001261585160221 0.001151535390534 
0.003205716045824 0.003257308779174 0.002881326973672 0.002455514501575 0.002394580697386 0.002199949182944 0.001993919555918 0.001817012378004 0.001675225845196 0.001549885241397 0.001397342752009 0.001244154082517 0.001100621120969 0.001010351010405 0.001017768880563 0.001165508442111 0.001516095072865 0.002217083958999 0.001596696846088 0.001349334643579 
