0.002493540510818 0.002511541958276 0.002516714737959 0.002582230848504 0.002789948312980 0.003210000926417 0.003889001397788 0.004845255789268 0.006066803701438 0.007501212657498 0.009002137590495 0.010119049442367 0.009365767220913 0.008233484165612 0.007155069733584 0.006263714321076 0.005600857629178 0.005185747571465 0.005051605454738 0.005214350742431 
0.003045033082837 0.003027517887911 0.002968871147208 0.002959931133413 0.003095825337987 0.003452264843528 0.004077149069313 0.004990484814201 0.006192918755432 0.007690427007427 0.009557835440158 0.012106366420358 0.009933715597899 0.008451266512815 0.007311910157624 0.006425645723163 0.005750566501825 0.005254031530913 0.004975084658449 0.004903528403654 
0.004076599384177 0.003986989673665 0.003785434495835 0.003618247339076 0.003610523949116 0.003845564343723 0.004368842931370 0.005192808590788 0.006307213587205 0.007713767474569 0.009537023961447 0.012358697030517 0.009936280651645 0.008527014844828 0.007477181278138 0.006677809714567 0.006039325009912 0.005414589717818 0.004962243236201 0.004746109946868 
0.005602026713438 0.005413761617639 0.004940899915246 0.004510741666385 0.004289872785599 0.004356718107491 0.004744345793310 0.005446190106481 0.006408217021048 0.007519456877347 0.008619926379810 0.009510573067032 0.009024135609360 0.008399011120466 0.007601956021952 0.007015028991359 0.006583602853826 0.005706480668505 0.005032672266393 0.004691637677299 
0.007643594158461 0.007417448871260 0.006371308761016 0.005545147213314 0.005060612113744 0.004936624419211 0.005181070446292 0.005774687955601 0.006632678338093 0.007531615284185 0.008028660229739 0.008087484261267 0.008324767584846 0.008534165891369 0.007663555212877 0.007364579580725 0.007744163911394 0.006066248661089 0.005106390685683 0.004659116753238 
0.010148743308532 0.010453997913256 0.007826579793138 0.006536634382785 0.005816874665855 0.005519392441444 0.005634158294109 0.006165077327906 0.007074229459123 0.008109361404457 0.007975197104513 0.007769456622761 0.007700157605998 0.007666050714518 0.007252119094821 0.007121522238519 0.007516137923084 0.005945738772020 0.005012663729641 0.004568472515468 
0.012486479313802 0.016534100419426 0.008087484261267 0.007195190308024 0.006461883207407 0.006043849040979 0.006028648227722 0.006494195658047 0.007610242322167 0.010025211026007 0.008087484261267 0.007435580698759 0.007140312574890 0.006949001367269 0.006688189420652 0.006467888156064 0.006226059451130 0.005456041364862 0.004804485529397 0.004453174566186 
0.010819778963203 0.011264662413867 0.008816020796223 0.007874608904154 0.007071160209207 0.006506181012397 0.006299015476201 0.006491160923627 0.007052698827057 0.007757337250587 0.007327299148774 0.006945663365284 0.006697839240371 0.006517151771859 0.006319990463250 0.006079609968855 0.005728101762863 0.005196782787644 0.004715335842053 0.004440285333718 
0.008735933533268 0.008904789364175 0.008087484261267 0.008566417314644 0.007696609324467 0.006941783347512 0.006535649565529 0.006474505486792 0.006661671050494 0.006884104572471 0.006788796473981 0.006626876386844 0.006501673373947 0.006411869859929 0.006308519614933 0.006125573305907 0.005758878831279 0.005287784697164 0.004868196795565 0.004626404565202 
0.008087484261267 0.008087484261267 0.008087484261267 0.010703709662108 0.008422804978951 0.007340907067368 0.006792200646622 0.006588086769228 0.006602506936887 0.006681108643272 0.006670665661460 0.006629790163749 0.006622235220473 0.006659184880815 0.006707692507886 0.006692452660908 0.006255020928711 0.005730774818654 0.005287783278755 0.005037612360096 
0.007938494919427 0.008062537343261 0.008319361787500 0.008896814541783 0.008087484261267 0.007476990416943 0.007043503780490 0.006850036736382 0.006850644751272 0.006935502864371 0.006947354175933 0.006953444817652 0.007030124957566 0.007196899432913 0.007449939564987 0.007964643891314 0.007143845385354 0.006450435866114 0.005919847785172 0.005628929712761 
0.007811333801087 0.008014641304038 0.008320736095656 0.008535513014375 0.008069117844984 0.007644523163141 0.007339507780568 0.007234650428312 0.007341760190928 0.007592030883364 0.007552345100023 0.007508411911192 0.007609931528898 0.007854844978297 0.008087484261267 0.010741689324255 0.008087484261267 0.007280264327279 0.006653404239708 0.006303431727794 
0.007710920937681 0.008029046131330 0.008540228716575 0.008948197766298 0.008087484261267 0.007847759718476 0.007645249927664 0.007642375833579 0.007933422720735 0.008790469634386 0.008409251836917 0.008140645299615 0.008213037201964 0.008598848897832 0.010501014545407 0.018859854140600 0.008548225054311 0.008087484261267 0.007378883467601 0.006942575821129 
0.007560701246840 0.008030229047571 0.008978494094724 0.010687662010146 0.009303755327240 0.008087484261267 0.007874458854186 0.007892763211040 0.008087484261267 0.011381723367936 0.009313808051399 0.008575497093770 0.008588325121768 0.009427497798344 0.010080164340674 0.011915494384916 0.011512914175452 0.009385528088304 0.008032304428169 0.007409299081043 
0.007219226520707 0.007720943385028 0.008727665951808 0.015555887046082 0.010367013300959 0.008087484261267 0.007930042158432 0.008015265625361 0.008446518304224 0.019394285085092 0.008964043188782 0.008346847469118 0.008196089192151 0.008394922755675 0.008476695801329 0.008087484261267 0.016226948610753 0.009973893817618 0.008087484261267 0.007476159617792 
0.006665279040242 0.007058961877975 0.007670009678141 0.008087484261267 0.008540543874216 0.007995044186933 0.007790460285780 0.007827563969963 0.008087484261267 0.010933319468722 0.008087484261267 0.007714332494624 0.007521825596295 0.007522487246746 0.007584341163935 0.007697578974645 0.008327891554745 0.008087484261267 0.007492274914782 0.007134701771674 
0.006054398625977 0.006395222875600 0.006913923968655 0.007415221072458 0.007770722176182 0.007629064445713 0.007480787659035 0.007467393752548 0.007645962238225 0.008191744313685 0.007412750072445 0.006981441915479 0.006755327621437 0.006690584074825 0.006732768359678 0.006861211311062 0.007085670441594 0.007049860962646 0.006848761288600 0.006701869784250 
0.005502940533621 0.005838237532088 0.006377693864506 0.007019062060274 0.007598233232169 0.007372613183426 0.007139000624875 0.007007393420555 0.006922162310003 0.006867323485991 0.006494428261441 0.006174165641802 0.005979254786870 0.005917325402633 0.005969442950782 0.006109520338750 0.006293497541123 0.006404033276474 0.006438790537236 0.006446146098186 
0.005077341306268 0.005418263706102 0.006000120139111 0.006853912218524 0.008318116197574 0.007238914429545 0.006814190763955 0.006612887326727 0.006295940109196 0.006008745616962 0.005690368132199 0.005429927080058 0.005278897428655 0.005256769729787 0.005360933191574 0.005571865682277 0.005849944638215 0.006133043274472 0.006380023996974 0.006533273233772 
0.004818077222898 0.005139194572632 0.005648357458985 0.006252725981354 0.006784433477280 0.006574063852652 0.006386945554865 0.006423770074673 0.005793706110670 0.005377389356173 0.005052641089408 0.004822188105270 0.004713284657795 0.004747968294690 0.004934516593238 0.005263251056833 0.005702284183057 0.006200993559531 0.006711592811322 0.007057432197924 
0.004767302187031 0.005078945093479 0.005540239980166 0.005984547721580 0.006190275208853 0.006069738226783 0.005866132894996 0.005655576714714 0.005263978980191 0.004900010732005 0.004598930315431 0.004391349608910 0.004314525580290 0.004402215583032 0.004677077454991 0.005143537210386 0.005776129426439 0.006515494661158 0.007424760344507 0.008087484261267 
0.004925055768784 0.005273760156436 0.005799495804101 0.006253037261372 0.006189613374315 0.005903333880673 0.005588546878364 0.005292766741585 0.004972094911757 0.004660519358815 0.004377004112759 0.004169761283888 0.004095630412073 0.004205516871342 0.004541035874937 0.005132095772276 0.005971410049388 0.006853567385078 0.008501368491106 0.012292075872507 
0.005214884111070 0.005664389294502 0.006452461930801 0.007317587739006 0.006694554638034 0.006060492246151 0.005592644307871 0.005259112891892 0.004990609773851 0.004729618951414 0.004431721792495 0.004178603713611 0.004055570189390 0.004127870219233 0.004451777973020 0.005102579899595 0.006262668555892 0.006574059679994 0.007536287349161 0.008863812741733 
0.005481403008751 0.006037982395144 0.007282403624776 0.010054282287459 0.007464572446851 0.006352297083038 0.005786642786991 0.005491726104439 0.005334689545541 0.005173119381154 0.004793386038568 0.004422068078004 0.004186335034981 0.004145437780138 0.004330452537759 0.004748936226018 0.005344483539404 0.005789433654321 0.006357393337847 0.006894737013086 
0.005572107567163 0.006000163558099 0.006757795382320 0.007593262271085 0.006975356763989 0.006386965596172 0.006028373116943 0.005905621922639 0.005987379492668 0.006127761273041 0.005464460820571 0.004873321171185 0.004478529699792 0.004286574138969 0.004293791403708 0.004480888714957 0.004787344780948 0.005099446106081 0.005426623162251 0.005674533054286 
0.005601111967012 0.005911465354454 0.006382565045748 0.006780852651472 0.006699025048086 0.006474299951344 0.006330894583992 0.006395099276203 0.006816778434892 0.008069778789448 0.006318143622615 0.005432676421674 0.004901492598048 0.004572119956668 0.004411931512518 0.004404618400245 0.004511522172340 0.004673049976856 0.004848466527265 0.004971682785100 
0.005693456838320 0.005955268270724 0.006339823155745 0.006689098966472 0.006816878507281 0.006746081852926 0.006689701312084 0.006758035152933 0.006960882561525 0.007141578558378 0.006498174018182 0.005899478470736 0.005424269665667 0.005013249639700 0.004710329879250 0.004543329959249 0.004500669353685 0.004544205099974 0.004627222733167 0.004692776910104 
0.005912206030518 0.006181742628220 0.006603684819670 0.007063672845210 0.007367410038624 0.007235467714523 0.007147976174322 0.007186930016583 0.007290416430427 0.007179053825897 0.006820745122105 0.006472413266070 0.006146195755422 0.005639461472592 0.005186150635296 0.004879389331205 0.004724250304589 0.004690333305950 0.004730133430287 0.004780905501745 
0.006258833924251 0.006563099151855 0.007092386757026 0.007813816832662 0.008540561221330 0.007855003725958 0.007647018501067 0.007704588041804 0.007977153439061 0.007611819230320 0.007303963896990 0.007214329460970 0.007260057991300 0.006461935749022 0.005795643185387 0.005360435968784 0.005126318768664 0.005055683968679 0.005103288997199 0.005191725440298 
0.006694733644363 0.007014983077252 0.007625174672047 0.008726703092195 0.011228876279024 0.008087484261267 0.007972765757594 0.008087484261267 0.009386689054993 0.008108928908724 0.007710313377128 0.007961133456647 0.009346724688320 0.007350124980963 0.006415578664043 0.005903640905395 0.005631678938734 0.005558133648332 0.005669248002255 0.005903801740355 
0.007183461352502 0.007447746474645 0.007864680824332 0.008340080692618 0.008673930743809 0.008087484261267 0.008087484261267 0.008087484261267 0.008258117745908 0.007824724159146 0.007586489379546 0.007662860573011 0.007917129077164 0.007332503154400 0.006820847386953 0.006436420571697 0.006169126011350 0.006087206106972 0.006282600576350 0.006967791720313 
0.007742700179543 0.007963486266980 0.008206825504064 0.008157194008882 0.008087484261267 0.008087484261267 0.013079717493948 0.008087484261267 0.007797727104649 0.007459674547707 0.007284166040755 0.007319547182282 0.007454377891352 0.007404217769261 0.007285663666051 0.007050104257804 0.006718074163414 0.006512590423782 0.006516799147384 0.006692632346478 
0.008359488000646 0.008644312069774 0.008948587427533 0.008087484261267 0.008087484261267 0.008962992991823 0.009738336561117 0.008226526268277 0.007486983313858 0.007078311811572 0.006936733864053 0.007043400761177 0.007337842754016 0.007706081672443 0.008027611838191 0.007920194122308 0.007307771008959 0.006889181090522 0.006714239980585 0.006697376083374 
0.008899239985920 0.009434831912452 0.010921248013401 0.008087484261267 0.008087484261267 0.009953601220995 0.008740108042609 0.007695559102267 0.007000250399755 0.006619586605808 0.006543107766511 0.006774699720856 0.007322964752920 0.008202372249674 0.009313802582750 0.009392630975780 0.007837272473935 0.007173408408783 0.006904135510681 0.006828501419367 
0.009037181554357 0.009338473740498 0.017243863024867 0.010458543816425 0.008087484261267 0.008087484261267 0.007665467778148 0.006973112355211 0.006407963291129 0.006095100936739 0.006084235042264 0.006413568890520 0.007162407174625 0.008592933071932 0.011677800332626 0.008087484261267 0.007577898750608 0.007205360677847 0.007056281842767 0.007041567897355 
0.008948502929331 0.008978035569259 0.011741529529131 0.010300438637064 0.008535590602358 0.007695767155895 0.006994103970900 0.006332170223518 0.005824875109731 0.005556218058241 0.005570653635247 0.005889855591005 0.006523611813654 0.007447926843411 0.008400798615628 0.007646161483626 0.007285571498630 0.007154039480683 0.007226950881661 0.007393942294108 
0.008914468703031 0.009347171003927 0.010470389067839 0.010484567782183 0.008087484261267 0.007263168180590 0.006467117855731 0.005794529915620 0.005311926042720 0.005065676868803 0.005077025904881 0.005343132848434 0.005831936782745 0.006446353794537 0.006946803758305 0.006917085886740 0.006891132419716 0.007038383117462 0.007442124329178 0.008043021356040 
0.008601671062599 0.009121868222354 0.010368702677537 0.013093263265500 0.008087484261267 0.006936775708284 0.006044314711440 0.005365643930174 0.004907121903419 0.004679636651846 0.004680170236480 0.004890141191509 0.005278250284857 0.005763475044873 0.006180923585847 0.006324975150576 0.006462670138336 0.006798302104090 0.007569170736783 0.009368156065361 
0.007987946219523 0.008322705978387 0.008884242519437 0.009293028569116 0.007663499134724 0.006531057042496 0.005674373401690 0.005043896142493 0.004633683580151 0.004437360111890 0.004430892836026 0.004580822196640 0.004896839198387 0.005357070448240 0.005846595609446 0.005883047688392 0.005972415884548 0.006240406325804 0.006740127531417 0.007394950426438 
0.007308896194330 0.007501749901696 0.007724767144931 0.007681776404355 0.006918711808690 0.006091434216335 0.005378603708328 0.004841993376294 0.004504457010430 0.004360088703660 0.004359849285221 0.004408885432528 0.004624037165251 0.005103000388212 0.006071510322402 0.005509058867756 0.005424748887829 0.005558556561529 0.005834083355972 0.006123408990157 
0.006733746638502 0.006886675264054 0.007047895830960 0.007002413688366 0.006476811942999 0.005818858433755 0.005223506010704 0.004775476999260 0.004513543968757 0.004448183244552 0.004518392242631 0.004335843328894 0.004313245417025 0.004497988592891 0.004800917872139 0.004749394294807 0.004756095345395 0.004827561441169 0.004983659000589 0.005178253801229 
0.006315193971713 0.006511149502443 0.006803290958001 0.007020146653988 0.006421828960667 0.005777263099949 0.005236697595112 0.004838064771788 0.004616479757057 0.004639523485779 0.005101959923896 0.004320628505292 0.004013505454766 0.003953479598892 0.004009633016601 0.004031668639908 0.004086205059886 0.004089778117833 0.004151518246530 0.004224453887839 
0.006027739501277 0.006293000897426 0.006839179605181 0.008006317212423 0.006649566320875 0.005918377234757 0.005412308809839 0.005017781317797 0.004729228182747 0.004554797190973 0.004439807720552 0.004018307434187 0.003688925286849 0.003501347384299 0.003419842224806 0.003385893970702 0.003383478689393 0.003379941444662 0.003398504408781 0.003422734182703 
0.005838946569258 0.006065513940334 0.006430248211764 0.006801831781720 0.006470733387926 0.006111330962598 0.005767820849747 0.005373682091600 0.004983744743145 0.004627086007932 0.004273297856279 0.003848790943613 0.003466629018707 0.003180139994979 0.002991423415714 0.002877295522710 0.002814891876248 0.002780935398185 0.002770216697493 0.002771105161269 
0.005840432045974 0.006024992354693 0.006288154376059 0.006532461266883 0.006579923220789 0.006563344015088 0.006447799665984 0.005992877607338 0.005460732070035 0.004938497006706 0.004414202996292 0.003886277048137 0.003406580719264 0.003014474639108 0.002723287568395 0.002524924585253 0.002400610185683 0.002328378985585 0.002291945872694 0.002277696785202 
0.006108446136412 0.006265835414143 0.006488616361697 0.006749767700128 0.007025336882282 0.007367284129468 0.007700707201836 0.006926639365662 0.006167518430396 0.005490841490700 0.004798977293065 0.004121253714261 0.003508989491318 0.002997140753665 0.002601786026387 0.002320395324728 0.002136517794108 0.002026623358932 0.001967480148923 0.001941310361785 
0.006662255126939 0.006796869923428 0.006974293380225 0.007238260463071 0.007649206690008 0.008377195258265 0.010206355923201 0.008029068478803 0.006997179764134 0.006269264994197 0.005383409872168 0.004506699773543 0.003730908429702 0.003088805659172 0.002591183804726 0.002233500403713 0.001997768402339 0.001856706495454 0.001779880709490 0.001743968805903 
0.007470552912733 0.007595868243334 0.007655476427638 0.007820593156013 0.008143512416410 0.008405787241145 0.008752537686237 0.008087484261267 0.007679580624123 0.007368465428211 0.006128317014528 0.004964172734518 0.003999269055009 0.003228979445888 0.002641012211394 0.002220678264552 0.001945190382597 0.001782275742299 0.001693523552245 0.001649929111713 
0.008452372139532 0.008693605493443 0.008444603569023 0.008417929586938 0.008814448161171 0.008473987950823 0.008395502608085 0.008227077707412 0.008373356227723 0.009489847950758 0.006920443564031 0.005359497300984 0.004223179079287 0.003354183260791 0.002701273861871 0.002237580738682 0.001935318129158 0.001757796629586 0.001660870184325 0.001612535059261 
0.009382996292208 0.010407551461712 0.009148670002969 0.008688349961565 0.008602339104834 0.008401641954453 0.008269833206670 0.008176211701844 0.008185965304246 0.008129589962615 0.006799259316374 0.005451794319458 0.004318711911887 0.003419092406433 0.002737346474863 0.002252140189883 0.001935135460124 0.001747976890278 0.001645844946396 0.001596395061625 
