0.000842126626862 0.000852627412298 0.000849917720109 0.000847330429283 0.000866254050846 0.000939802602847 0.001110914338809 0.001416801802219 0.001876118016912 0.002478981422260 0.003161011551486 0.003697170025212 0.003270017770569 0.002703093501385 0.002190561859137 0.001754112816200 0.001382851902384 0.001084224139348 0.000873916760082 0.000765347790486 
0.001059571167993 0.001057572005784 0.001030334099073 0.000999896348336 0.000996652162169 0.001057627387665 0.001223439964640 0.001526239504551 0.001984239929461 0.002611044553350 0.003456250971791 0.004756639020506 0.003553776611175 0.002825585789133 0.002299303468884 0.001878145613237 0.001521766720233 0.001232158281607 0.001025707766387 0.000918217353006 
0.001481377867492 0.001454074090558 0.001370628688138 0.001277207873034 0.001225817574138 0.001260465771790 0.001415363033206 0.001708329492650 0.002139296655401 0.002699622201555 0.003394664812167 0.004270569705918 0.003475553275944 0.002896739522360 0.002457366534547 0.002096232871623 0.001779182602383 0.001510157351250 0.001310721239510 0.001204224109186 
0.002134794634738 0.002076490434777 0.001885407633419 0.001676930845519 0.001546659876965 0.001545946933237 0.001694801680961 0.001986208036955 0.002386495319991 0.002838349417865 0.003266926034466 0.003559242211877 0.003320367881404 0.003000418831174 0.002708884159044 0.002445568030445 0.002191041369981 0.001950598368777 0.001755567725683 0.001645980217536 
0.003045690642935 0.003001723777453 0.002593937209654 0.002185129060237 0.001940618136129 0.001903801547833 0.002066976961314 0.002391435455429 0.002806129563663 0.003202708788865 0.003454240294993 0.003547097321673 0.003445130405269 0.003289845316043 0.003143388374225 0.002997064348124 0.002816416961252 0.002595507265404 0.002383159750680 0.002255580318810 
0.004180059300629 0.004446180287219 0.003485087768507 0.002735759200428 0.002352541787520 0.002298161300762 0.002513963812424 0.002930597709930 0.003448886219705 0.003900928598288 0.003994641796045 0.003937937736802 0.003851280163722 0.003806558274219 0.003808061352228 0.003806907572089 0.003712302043899 0.003477249792098 0.003188280022956 0.003009728473872 
0.005192426127007 0.007224111010095 0.004340331940417 0.003140020560388 0.002675865226438 0.002662703203037 0.002982927050433 0.003560275738798 0.004312028451565 0.005078549883840 0.004846203786580 0.004550739938297 0.004428269907430 0.004494740078651 0.004681535164889 0.004900431783965 0.004938193205667 0.004615003041618 0.004106732262177 0.003822703606229 
0.004289472058771 0.004585227513862 0.003691930925758 0.003042642837522 0.002798155991635 0.002929860006965 0.003394343446588 0.004163431258607 0.005239633026684 0.006602806209670 0.005860057155783 0.005129000851491 0.004974973352093 0.005224236407258 0.005663190102442 0.006279587481073 0.006626662447029 0.006051902741680 0.004954069596010 0.004527408804778 
0.003311087518552 0.003327791994892 0.003036324306090 0.002804215311124 0.002806326608276 0.003095728262570 0.003679699423298 0.004573710552492 0.005930645995896 0.010266692755136 0.006912741440959 0.005198452914328 0.005198452914328 0.005852573637426 0.006524325421891 0.008945931040026 0.012702973420078 0.008704189252015 0.005198452914328 0.004909894328277 
0.002628139108054 0.002653240364395 0.002611684098998 0.002626881905577 0.002804816246138 0.003200617520067 0.003822254470156 0.004604873826361 0.005198452914328 0.021626433475094 0.009818573505061 0.005198452914328 0.005198452914328 0.006496048740693 0.005656126853061 0.012640997515137 0.028514040902743 0.011891937498981 0.005198452914328 0.005055135641135 
0.002300422267645 0.002373505386295 0.002460044107937 0.002608277190110 0.002879801848773 0.003324085859723 0.003977436399207 0.004911623756924 0.006485014556877 0.010651211477510 0.008556192036667 0.006732699970669 0.006798247864293 0.009283919502493 0.007744350687453 0.010955332390576 0.014309986599754 0.009419193712157 0.005198452914328 0.005091108846716 
0.002319949783533 0.002437076271341 0.002596980165564 0.002801666005376 0.003087274010245 0.003494459840715 0.004039212653129 0.004682711834164 0.005198452914328 0.007204866166827 0.007042314465328 0.006395952477464 0.005987071566108 0.005198452914328 0.007683241095409 0.010159393835023 0.005198452914328 0.006276472563407 0.005198452914328 0.005057592266590 
0.002652309036685 0.002817484147978 0.003036724007576 0.003244530687934 0.003475581941066 0.003785975206937 0.004198825659224 0.004689336619523 0.005198452914328 0.005960878279979 0.006045584766806 0.005847231527804 0.005567572122195 0.005245278670248 0.007630766944833 0.016800548939780 0.005198452914328 0.005289840338712 0.005069955625902 0.004947378341342 
0.003230501769121 0.003480273168403 0.003805824637747 0.003965540637942 0.004063286292103 0.004219431852157 0.004478292113588 0.004797210570832 0.005143302194970 0.005440061592730 0.005358315483431 0.005399400075358 0.005198452914328 0.005198452914328 0.006652078509027 0.006609148711985 0.005198452914328 0.005085181992279 0.004928955135321 0.004834035090432 
0.003929767515589 0.004356441015610 0.004996829169985 0.004991921126944 0.004819263814789 0.004748535722898 0.004866994367833 0.005001181084948 0.005198452914328 0.005338609876411 0.005198452914328 0.005198452914328 0.005198452914328 0.006340225438536 0.007169945464964 0.006043992819942 0.005198452914328 0.005007620866019 0.004872004611719 0.004802219974839 
0.004526537620711 0.005242030778613 0.006980817823976 0.006341163383947 0.005618128818263 0.005198452914328 0.005342740498660 0.005198452914328 0.005440680682887 0.005542784669028 0.005720665001988 0.006188966417361 0.007018779627611 0.007794050460527 0.007144833744918 0.005198452914328 0.005108779582476 0.004998475328991 0.004935158954308 0.004915074022956 
0.004704498862166 0.005263045056953 0.006337927628224 0.007829658666608 0.006167261780621 0.005741496352275 0.006137568841672 0.007979920101828 0.006076425800678 0.005693819563535 0.005973094923991 0.006835694330134 0.008905409915561 0.014264044751725 0.008422321820212 0.005198452914328 0.005116638272170 0.005088140277941 0.005151285812481 0.005226259270147 
0.004646455661806 0.004967599287949 0.005364825178378 0.005198452914328 0.005508880192356 0.005484741092623 0.005502879715740 0.005198452914328 0.005198452914328 0.005198452914328 0.005664267011043 0.006300282338426 0.007527467937828 0.008842739873950 0.007101327439653 0.005198452914328 0.005152679579517 0.005198452914328 0.005517556228394 0.005789601648962 
0.004629943771951 0.004836004759575 0.005080683709825 0.005178811367567 0.005198452914328 0.005198452914328 0.005198452914328 0.006095125238157 0.005198452914328 0.005194444309351 0.005198452914328 0.005198452914328 0.006117567050363 0.006539581582637 0.005996605609556 0.005304714746549 0.005150696294075 0.005198452914328 0.006017535853817 0.006716519235739 
0.004785687554065 0.004923341426599 0.005098647207740 0.005298394142493 0.005402075715508 0.005198452914328 0.005198452914328 0.013122214592620 0.005198452914328 0.005187557243826 0.005175245246603 0.005123785704588 0.005287370988310 0.005277633942413 0.005159685477621 0.004978862835458 0.005014047196581 0.005198452914328 0.006655902974643 0.012400044261426 
0.005126818417517 0.005185600097348 0.005198452914328 0.005566327875065 0.005934326322161 0.005344861179667 0.005198452914328 0.007368241005614 0.005198452914328 0.005198452914328 0.005233669567067 0.004918352769943 0.004727440782704 0.004608912595936 0.004550718342024 0.004595867191671 0.004819404069426 0.005198452914328 0.006288803957808 0.007960163338590 
0.005586347401448 0.005607802347414 0.005821740503195 0.006502734624305 0.007438839654511 0.006176063754905 0.005716236755721 0.005962363006043 0.005516804862435 0.005198452914328 0.005688868498621 0.004712981461283 0.004274845024097 0.004084737707619 0.004071453887507 0.004239838013939 0.004589526095771 0.005028302227926 0.005362615307114 0.005198452914328 
0.006897422308363 0.005920800655979 0.006041729249177 0.007219690565071 0.011158823740501 0.006216543908477 0.005553649284106 0.005274884377766 0.004946416191721 0.004682306829148 0.004561669720349 0.004120040464035 0.003794646419650 0.003643296389765 0.003680904273769 0.003940393649309 0.004435763825326 0.005046522711635 0.004981276924218 0.004841313226854 
0.005198452914328 0.005198452914328 0.005275121651567 0.005198452914328 0.006239670423748 0.005493032246909 0.005056811063168 0.004707066777239 0.004389056489995 0.004114249056678 0.003880299114668 0.003597609545206 0.003380928761202 0.003286521302486 0.003346197230449 0.003646919415743 0.004332489743478 0.005816013758433 0.004747271734251 0.004409024850529 
0.004516469964358 0.004595737348835 0.004735290125709 0.004895577491088 0.005185269592872 0.004911610611827 0.004556059684207 0.004217504808731 0.003911667755983 0.003643135818438 0.003411583290114 0.003211085464670 0.003082251119171 0.003035838535067 0.003033723448172 0.003196970547218 0.003570622015864 0.004045990020113 0.003867313915327 0.003732491816562 
0.003958998674284 0.004099513080737 0.004315347055558 0.004557696373054 0.004767574208044 0.004502930150367 0.004160516539160 0.003835256921820 0.003543970155790 0.003289821149072 0.003082514439387 0.002944325377493 0.002909343865244 0.002960063512872 0.002791763566511 0.002760940460805 0.002887411893549 0.003060926058845 0.003067728403182 0.003042467540766 
0.003555420205287 0.003749198751673 0.004041261021296 0.004369195382910 0.004897479454392 0.004286180134725 0.003889969925059 0.003569454035633 0.003286539778343 0.003036832306504 0.002839205468916 0.002735757690148 0.002805303987662 0.003239691355101 0.002607666520682 0.002381659689107 0.002355654207516 0.002411151959424 0.002447162570547 0.002461906664966 
0.003277902330860 0.003527218134236 0.003892506126637 0.004076257564128 0.004203194424350 0.003970328841392 0.003687531717626 0.003407729702806 0.003125296827166 0.002857224359428 0.002632927231782 0.002484234215183 0.002430565007041 0.002433371237001 0.002180757294702 0.002006945433283 0.001945574866756 0.001959530204891 0.001996101535275 0.002023088703846 
0.003055008247065 0.003385985243693 0.004036595609506 0.003955593434284 0.003980930882318 0.003839799910463 0.003620590549805 0.003369801650018 0.003053829390167 0.002738797500713 0.002469029544339 0.002266833075920 0.002129822727024 0.002019135543697 0.001857928293037 0.001727978664166 0.001664432557510 0.001661179089265 0.001689224248918 0.001714726133554 
0.002781706990801 0.003077047186639 0.003532915553529 0.003841456624370 0.004055514969620 0.003923708626959 0.003706829889305 0.003489280840630 0.003063289660604 0.002670964144287 0.002356066574453 0.002123490244522 0.001958775871956 0.001830203141987 0.001704324904678 0.001596264458813 0.001527866872548 0.001504920414546 0.001513050773070 0.001526656644234 
0.002507194187790 0.002810535027355 0.003324455464162 0.003959878554760 0.004602268653565 0.004215455303408 0.003890420568922 0.003871170847927 0.003112114897031 0.002629378518971 0.002293857176505 0.002068844108394 0.001927281031692 0.001832230916463 0.001742795086181 0.001641142614547 0.001552622899978 0.001498920058700 0.001479318050864 0.001477006839776 
0.002245158059934 0.002569858296903 0.003183472426121 0.004211634913075 0.006264618861682 0.004549590286318 0.003845063737353 0.003458687463017 0.002974789837869 0.002570470272596 0.002280273466476 0.002109819342074 0.002041996308003 0.002031813543459 0.002004256033678 0.001885462239752 0.001746867936756 0.001644944695216 0.001592559320222 0.001575140236393 
0.001997177236721 0.002301537182431 0.002839114572109 0.003567868117429 0.004308306623815 0.003981347193959 0.003597484177521 0.003252510400080 0.002889180357061 0.002559325402081 0.002333634029456 0.002248548733628 0.002303535843600 0.002451778342591 0.002557298274612 0.002349137102803 0.002098092817135 0.001922525122234 0.001837138538634 0.001812777866820 
0.001808114844456 0.002087377828234 0.002550622178418 0.003106794351955 0.003568768006606 0.003619833212056 0.003457008065340 0.003203283771731 0.002915035985677 0.002621680564097 0.002449819051441 0.002459455482927 0.002676964564039 0.003102427781622 0.003595483620497 0.003030455099574 0.002548113822716 0.002275705191878 0.002174223226019 0.002171036877618 
0.001726237775365 0.001998827874391 0.002443189628845 0.002970037357989 0.003430668751530 0.003640521035687 0.003558720337094 0.003316614673165 0.003052013963779 0.002731953336339 0.002589490551722 0.002673477283998 0.003034357485020 0.003838834215907 0.005799635637025 0.003768187764269 0.002937866154236 0.002601172342487 0.002541139404800 0.002641246484638 
0.001776644327986 0.002062147119836 0.002538159518117 0.003135296564920 0.003730762590999 0.004106555687646 0.003956652999700 0.003546025951423 0.003137833086619 0.002821275404325 0.002702103195217 0.002810909158439 0.003118460193027 0.003525909545907 0.003983583508538 0.003415201636931 0.002962960460874 0.002768563452526 0.002840514484081 0.003275466380641 
0.001958287242665 0.002263510308705 0.002792003172893 0.003517079179824 0.004395731139721 0.005198452914328 0.004738882691462 0.003906605271304 0.003273791604349 0.002895421207575 0.002785332892067 0.002934679319102 0.003256106784176 0.003291846866302 0.003302434396212 0.003068614390736 0.002851102334951 0.002766785362938 0.002829355893021 0.002952337488597 
0.002256377877116 0.002567738426876 0.003114112095368 0.003920825109760 0.005198452914328 0.010445918482771 0.005999938931110 0.004222412342866 0.003337541976972 0.002901161800790 0.002801825170208 0.003041605806276 0.003780686281588 0.003203271366690 0.002990121191277 0.002830282662524 0.002718688389651 0.002699576529581 0.002795199824607 0.002781174075678 
0.002662074597844 0.002956002767592 0.003425966532379 0.003995865802781 0.004661413684351 0.005198452914328 0.004707220192966 0.003820592118270 0.003158735717842 0.002781737859128 0.002665956553790 0.002766168792385 0.002973177329386 0.002848962796391 0.002737299042191 0.002651472728182 0.002590531116242 0.002578573193230 0.002613270987522 0.002627574812408 
0.003179193525275 0.003474373170249 0.003882113006888 0.004144150090761 0.004336167158155 0.004338617882732 0.003954409947973 0.003395559861189 0.002922339078072 0.002627281969795 0.002513800434340 0.002536386753664 0.002604298059359 0.002585473923149 0.002549576076658 0.002519505809026 0.002491765319543 0.002479239916981 0.002500172277495 0.002531762670884 
0.003776356122010 0.004155905099004 0.004701541193706 0.004541939535248 0.004349986629180 0.004016722999427 0.003572704808451 0.003116987981031 0.002753662294363 0.002527802670102 0.002432333739196 0.002425124178685 0.002444815941183 0.002435147585500 0.002419534750463 0.002418923841501 0.002432422495670 0.002406860707545 0.002424542411917 0.002498623007793 
0.004323523857941 0.004891258617944 0.006364064857948 0.005122524531620 0.004661027741642 0.003993698685247 0.003429345956328 0.002997362525566 0.002702418403056 0.002534919714683 0.002463470043206 0.002440815504202 0.002424776596090 0.002379522108336 0.002343171719320 0.002350990702681 0.002448015930107 0.002339180458345 0.002326015125930 0.002338019691738 
0.004587529075857 0.004870960801587 0.005198452914328 0.005019711717070 0.005284220309977 0.004052419643002 0.003387180891904 0.002995059163176 0.002774229488966 0.002671397320477 0.002628522815700 0.002577062146736 0.002505283625573 0.002393183353970 0.002296461878440 0.002243313244860 0.002238548757034 0.002219687036001 0.002240653089960 0.002220405592144 
0.004834855588899 0.004954490782082 0.004837201159751 0.004550753009424 0.004295300910405 0.003721825768062 0.003301671485729 0.003065016142829 0.002960685577735 0.002950870371873 0.002959603804988 0.002826520063737 0.002654442343495 0.002469791204474 0.002299182058978 0.002173905343320 0.002112283655904 0.002115453779321 0.002226604404363 0.002117527905654 
0.005203714446427 0.005446277033337 0.004797305360827 0.004213943901604 0.003794737693116 0.003447308052842 0.003259257381361 0.003223316899541 0.003254092880429 0.003382403115505 0.003566187260448 0.003222253014312 0.002906733987218 0.002639110367773 0.002375778199221 0.002158686596511 0.002021045043860 0.001965617084599 0.001969261229052 0.001940381912275 
0.005514868383987 0.006951131072826 0.004865644815073 0.003919825173786 0.003443846882598 0.003239591342765 0.003274660302952 0.003493428832917 0.003604728153514 0.003881545291776 0.004784209387393 0.003688943683612 0.003219536134059 0.002926857588377 0.002544137719932 0.002206299966778 0.001977054671959 0.001857506524105 0.001813938266183 0.001795382052046 
0.004513872230806 0.004687471268755 0.003969646908552 0.003384909321069 0.003064958359491 0.003019360234973 0.003282635935953 0.003974882763683 0.003885870848416 0.003823618942608 0.003922259216208 0.003615257891819 0.003461270919567 0.003422732747538 0.002810890244597 0.002302483899794 0.001975289977075 0.001803304446248 0.001736699688466 0.001720444204678 
0.003533559806367 0.003484793681197 0.003160525948061 0.002840413508462 0.002672219628713 0.002717553032606 0.003001644390210 0.003521639377779 0.004185387183530 0.003683585662574 0.003551015513505 0.003488731609710 0.003683897125289 0.004574725781457 0.003109992810523 0.002381367559380 0.001985050453812 0.001793551039820 0.001734274590953 0.001738087826174 
0.002848545803576 0.002783148838737 0.002603018482453 0.002423649303746 0.002347247778612 0.002428537600029 0.002671648349747 0.003020623616608 0.003325968225954 0.003279000546641 0.003233006266311 0.003225501644057 0.003295414285178 0.003373124599676 0.002804388507632 0.002297119526157 0.001964865874725 0.001809419714841 0.001798217825331 0.001866475074218 
0.002504879002552 0.002449006304927 0.002322240135890 0.002201501668248 0.002164926466523 0.002256730124673 0.002471284619865 0.002746505963810 0.002969893532781 0.003033069041674 0.003040405835446 0.003042147684258 0.003039564007061 0.002948944171122 0.002598076464142 0.002218247353918 0.001946501446330 0.001835096400243 0.001894537841678 0.002131061423410 
