0.036159103487444 0.036612391414457 0.036156862082307 0.035778640646163 0.036395846884114 0.037919272239254 0.039250656504851 0.038746215131066 0.036814742051283 0.033736180231025 0.029959636304815 0.025679019988157 0.020916600415113 0.016293579978045 0.012312060053403 0.009175136845368 0.006862858742548 0.005258905493185 0.004246700657777 0.003752945043542 
0.038291081828287 0.039712332956001 0.038470637043819 0.037579190570069 0.038509818372407 0.041126762030449 0.044086836566062 0.043493394637855 0.041595569979924 0.038225076046595 0.034225996293082 0.029810664680287 0.024368621335841 0.019147101787715 0.014771535828114 0.011378748537681 0.008873470790172 0.007104937160044 0.005962223325686 0.005394894990781 
0.040610613349784 0.046556854101874 0.041694023471513 0.039462946563046 0.041050928718310 0.045912168609392 0.054078179017349 0.051732022079052 0.050437622566839 0.046130084963752 0.041672449996282 0.037641758519726 0.030451036459571 0.024113990565611 0.019169769385728 0.015461005380189 0.012705268217645 0.010686090935862 0.009321176708097 0.008621783317049 
0.037876932446882 0.039922381412967 0.038823544824850 0.039003385385176 0.041966298194751 0.048456953877025 0.059909770098912 0.060275849847250 0.064152951471017 0.056330742373818 0.050724718944898 0.050332044744808 0.038153915957583 0.030589313269033 0.025368026428998 0.021572626904895 0.018648807922050 0.016327325525530 0.014636262883647 0.013730204817771 
0.034209721144365 0.035216187301911 0.035851965204184 0.037439386992530 0.041005884024175 0.047097363040636 0.055865875801195 0.066243952883679 0.090613159303232 0.065868544727368 0.055799461168204 0.050508043703475 0.043404784312356 0.037568666568160 0.033236851598750 0.029927673077130 0.027041974845819 0.024337136047169 0.022144898168134 0.020909843839443 
0.031769387522716 0.032683234402675 0.033926441760745 0.036019190377279 0.039507265463385 0.044664212126349 0.051392750502320 0.059107455003646 0.067161066859103 0.062202031053166 0.057768741578255 0.054226055539972 0.049743622541112 0.045851826202507 0.043079581411949 0.040865699559936 0.038251137844640 0.034884020936588 0.031829901849886 0.030045010103493 
0.031479808760413 0.032384963797168 0.033720917001201 0.035734930641785 0.038706739847300 0.042769364457891 0.047807213905040 0.053352601392477 0.058341659767497 0.059820221053905 0.060665915466824 0.060742615436922 0.057699562529375 0.055508676089033 0.054924678074646 0.054681282772206 0.052725715553368 0.047848523972382 0.043216099770715 0.040508477562062 
0.033721788389328 0.034533975539567 0.035675393555063 0.037274514841568 0.039488947046939 0.042437178461985 0.046138981826200 0.050477175244436 0.055186912051993 0.059958824261037 0.065796422190136 0.071584468885960 0.066388442501243 0.065372301513443 0.068147726230895 0.071584468885960 0.071584468885960 0.062561062981293 0.055138545805316 0.050990632014894 
0.038503150445004 0.039170527742841 0.039982235975021 0.041025739700552 0.042374525729771 0.044185845027440 0.046648380518819 0.049941372658102 0.054359831543739 0.060736967767222 0.071584468885960 0.156972506933020 0.071584468885960 0.072398635239385 0.081389558724930 0.096037160763192 0.132509395015937 0.076645019629431 0.065488626938323 0.059459047078714 
0.045523538095874 0.046121423966893 0.046581145881862 0.047124462583043 0.047596833860238 0.048209524649612 0.049323422787272 0.051207534532888 0.054132900745290 0.058653197286536 0.065105055413818 0.071584468885960 0.069621859625591 0.071584468885960 0.089252218303370 0.132520977200862 0.332820997649752 0.110873114751919 0.071584468885960 0.063472381664763 
0.054173771476155 0.055082344921160 0.055126524977630 0.055569586200267 0.055214257985537 0.054491529456698 0.054142191498147 0.054395562862983 0.055144476084672 0.056951643989019 0.059932515467650 0.063027085648519 0.064403034147578 0.067103899632173 0.071584468885960 0.080350085101049 0.139085005130680 0.071584468885960 0.065335161560763 0.060815720380054 
0.063338713140170 0.065947346389073 0.064644619639355 0.066552673888650 0.065267009817271 0.062720657405288 0.060851698286917 0.059734591070571 0.058022637671674 0.057046241769838 0.057347670960390 0.058505546492560 0.059874534838383 0.062115855340154 0.065331410099668 0.069308891360264 0.071584468885960 0.064203632531700 0.058910805530934 0.055826164630002 
0.070557634819264 0.072097096361339 0.071584468885960 0.081862688701770 0.078053313240289 0.071931842000285 0.068505293950567 0.067395580888946 0.062778832121661 0.059092868660191 0.057388280040633 0.057224798692485 0.057700722977779 0.058866710550174 0.060344504686504 0.061295133358744 0.060545827986127 0.056682001204196 0.053077929726288 0.050978857546787 
0.076863265414281 0.080482261351463 0.085822736423629 0.111868102884036 0.094034219315862 0.079383878296150 0.074527685327389 0.079045633646164 0.068578881188417 0.062199740230335 0.059517193432812 0.059144979959711 0.058663636125328 0.058866508253352 0.059072788975906 0.057912152746883 0.055523594206823 0.052335421921652 0.049666148950778 0.048212048232184 
0.080268795113472 0.087298658279820 0.098353659261249 0.186016689321530 0.107256124309813 0.077469921016783 0.071584468885960 0.106230326803416 0.071584468885960 0.064146894293343 0.062524334533580 0.064578763632002 0.062538509242583 0.062363930002665 0.062525615386146 0.059314787830351 0.055197498347033 0.051763823841908 0.049622791824134 0.048703015270081 
0.077629774974232 0.077830378420200 0.071584468885960 0.095545316859550 0.071584468885960 0.088431718701947 0.071584468885960 0.071584468885960 0.065823015550876 0.062218199063761 0.064184650963609 0.076158003294881 0.067137881214186 0.067978278410563 0.071584468885960 0.064714957384606 0.058116155483219 0.054315976332720 0.052952381804526 0.052882133183932 
0.076632371817474 0.075627107900484 0.071584468885960 0.071584468885960 0.070526265394284 0.071584468885960 0.066777554014809 0.063316408866682 0.059165347008298 0.056608677857988 0.057385124799171 0.061569613822439 0.063336703245122 0.071584468885960 0.109307374557280 0.071584468885960 0.061553297939144 0.058365731584329 0.058938453208084 0.060750898408996 
0.079248108570956 0.077819261148708 0.073823786433916 0.070630304751034 0.067847141412533 0.065497773518414 0.061526318283798 0.057121540766473 0.052885307257180 0.050040624472437 0.049511113813802 0.051344598544367 0.054568323342681 0.061294131623705 0.071584468885960 0.064454583477677 0.060886762936312 0.061838165850215 0.066474571875741 0.072566465393227 
0.086100074724558 0.084650047497519 0.076835096843941 0.070705084631466 0.066137859188758 0.062323505562147 0.058143211674151 0.052681668872375 0.047666693092860 0.044013073716697 0.042303630301832 0.042713492590395 0.045085297128629 0.049549636599640 0.054787331100492 0.056115331559498 0.058550304665420 0.064152702514272 0.074039252354605 0.090813696780129 
0.097995469973557 0.099755385038282 0.079977528030139 0.071037755298319 0.065419895122674 0.060983141590919 0.057233304842895 0.049826050003382 0.043780283356261 0.039229372888563 0.036501523349645 0.035824237724964 0.037242142369496 0.040623285590394 0.045242057568614 0.049945090635236 0.055959901059846 0.064240605327180 0.075596541241688 0.126225413702653 
0.109822600554789 0.137566414756135 0.073465907641027 0.069592807897904 0.065116300255707 0.060096003759350 0.054466055773737 0.047628909730872 0.041235809489976 0.036022090580175 0.032473111097444 0.030957858768223 0.031691347558294 0.034673131258281 0.039596659440121 0.046013238786252 0.053870448809553 0.062735231194309 0.071584468885960 0.101350935566603 
0.094582185674969 0.098754609464155 0.071584468885960 0.069745319077312 0.066735479104264 0.061388965875683 0.054650047339887 0.047403206736256 0.040526298283625 0.034667299727372 0.030354528869561 0.028103555436277 0.028303568422798 0.031127513082011 0.036493498054844 0.044095052427851 0.053341343895089 0.062580525788389 0.068054802867705 0.071584468885960 
0.075445562159787 0.091356298300928 0.082540508852271 0.071584468885960 0.071584468885960 0.065639889754121 0.057406883639446 0.049373749516562 0.041826462274049 0.035225940635030 0.030034588329799 0.026958684622655 0.026565440597413 0.029176023333104 0.034880639853526 0.043605377609418 0.055077235849525 0.067518962175580 0.067047653579780 0.066447065597995 
0.140447327088254 0.108727328138641 0.095666929681016 0.094318739855123 0.094018854591057 0.073493967569259 0.061921213429322 0.053243929619173 0.044944512731250 0.037525688320100 0.031159027820022 0.026990936433308 0.025754400283576 0.027828422576758 0.033396850467630 0.042756603693606 0.057535181827636 0.086283420958626 0.067040394930491 0.061506668726803 
0.107618107112317 0.107488166214506 0.097149677428130 0.089345790451018 0.083877338019685 0.073580747060313 0.065201523958202 0.058633605369055 0.049381687975905 0.041315229730878 0.033154464294206 0.027533685173062 0.025138923991304 0.026161952515856 0.030530161770708 0.037809903980272 0.046986188077951 0.057000196348572 0.054331422291879 0.052218643375007 
0.095789620493209 0.116520873963779 0.096283815843908 0.082268319541556 0.079263791769328 0.072912362943857 0.067930981094274 0.067779697160385 0.054012562271210 0.046732144666283 0.035092251286340 0.027889098033835 0.024264178898305 0.023935653141866 0.026498495059359 0.031165212300264 0.036705565970540 0.041586610538242 0.042495056303651 0.042351754702544 
0.088322446779736 0.093130592342180 0.089528883336542 0.090211003412353 0.078880249154236 0.072041148594876 0.066706088781659 0.061736099467906 0.052779648522437 0.044022255801935 0.034683458275507 0.027485877876440 0.023124659372526 0.021634380435809 0.022624901248552 0.025336595750485 0.028756844090337 0.031816392066422 0.033412488689269 0.034041321865405 
0.077685407107919 0.079441910829233 0.079420346632600 0.079100537509831 0.075225488388242 0.071015235311250 0.066339769614585 0.060733143105164 0.052591284917970 0.043479963212886 0.034481247542121 0.027124148808696 0.022180630428361 0.019787896541983 0.019615820625039 0.021011401583142 0.023177878500693 0.025368051717766 0.026997188221830 0.027899956161755 
0.068252862331981 0.069914816312166 0.071708548327581 0.073346220629652 0.073572638917965 0.071584468885960 0.068153874174448 0.063628191675948 0.055036736329824 0.044929925746989 0.035273141277998 0.027365026226758 0.021827902738109 0.018737407398072 0.017760023059430 0.018300059976682 0.019677535805438 0.021300900404618 0.022739982907732 0.023649743131953 
0.061187235820043 0.063504523049663 0.067064636183919 0.071444667366205 0.075709304113818 0.077758512577297 0.071785399690144 0.071810517006264 0.060770771744224 0.048256195081761 0.037124704729415 0.028345751727398 0.022207718385827 0.018601554887765 0.017118740048984 0.017149473484758 0.018021907130316 0.019160172902401 0.020186028814602 0.020819491050040 
0.056548681560107 0.059648050967265 0.064965614517689 0.072426548428739 0.081986033485892 0.092762452736564 0.096716754497184 0.091804521981504 0.069610352347514 0.052534434848119 0.039464595527050 0.029800804596628 0.023204967379803 0.019319986053986 0.017644196804181 0.017519409580077 0.018199005665328 0.019006314993991 0.019628623176219 0.019971724184291 
0.053906118357588 0.057611079572695 0.064241717911702 0.074131145649603 0.088992281323891 0.115497342257050 0.179611390963337 0.107177977310358 0.074756731283248 0.055038564452233 0.041161792609551 0.031218483144020 0.024542819000642 0.020702509391485 0.019196289496846 0.019355920432309 0.020302508415940 0.021009213735368 0.021281787908557 0.021356636128545 
0.052701229412667 0.056681773065143 0.063706541091025 0.073548923250686 0.086160418858256 0.101494182557326 0.112950274764954 0.082962271341993 0.068544704899474 0.053796755426040 0.041537637107497 0.032243268101529 0.025939439718034 0.022462913472027 0.021480133042044 0.022454513374845 0.024453863537998 0.025316852304762 0.025152478287396 0.024923087572609 
0.052512703663912 0.056581833689046 0.063579108854915 0.072592249662837 0.082126344563748 0.092208229421200 0.088044672547148 0.075804532578126 0.063878322177228 0.051961575003597 0.041344239522225 0.032945067702502 0.027206580838540 0.024237848558397 0.023943569336456 0.026161239719666 0.030883120632968 0.032118163610531 0.030938310044901 0.030312508657313 
0.053045359592270 0.057215793836924 0.064365431227938 0.073063876006520 0.078450948378516 0.097740414912316 0.071584468885960 0.068962526220711 0.060337709880263 0.050432917962577 0.041050769503952 0.033422201695501 0.028204316113434 0.025654209720689 0.025778233816890 0.028476170798854 0.033737377807736 0.042116911457238 0.037682357293081 0.036900249017152 
0.054045318654460 0.058370687155747 0.066275522806047 0.078268264896000 0.097948783776388 0.148838397253178 0.078894356125422 0.068723781768979 0.058974889236208 0.049541006048108 0.040809115991945 0.033712331813154 0.028882319960576 0.026606083729075 0.026892466508990 0.029543569550074 0.034130996560204 0.039562765776433 0.042029069222561 0.044264931679877 
0.055306858844367 0.059398934635339 0.066731235378603 0.077216235700439 0.090844292560843 0.104613125031899 0.082605661653368 0.068710870163033 0.058047619039462 0.048838692491769 0.040566444197679 0.033846451933906 0.029280782704400 0.027176752559578 0.027560715022724 0.030258686411891 0.034948487030184 0.041098118882201 0.047877638550758 0.055159583617096 
0.057049138908752 0.060641347650187 0.066757945726738 0.074813859792501 0.084467777744801 0.096522740263896 0.078874203394256 0.066445179886110 0.056787365135448 0.048500303426031 0.040544894520152 0.033977001065590 0.029521571430873 0.027501824035640 0.027964794645758 0.030808070965315 0.035917506025078 0.043393668699705 0.054349996973133 0.074102768315284 
0.059637039150716 0.062700862386495 0.067526669257629 0.072707340261833 0.076708186048117 0.078295148459659 0.070863642663848 0.062633041456067 0.055475877750188 0.049263918245624 0.040998785877542 0.034234527710172 0.029754713477615 0.027768063135918 0.028284738937923 0.031210812968439 0.036408865082733 0.043725304096696 0.052899633431792 0.062506179306459 
0.063157318136393 0.065954080501040 0.070308008254985 0.073558780512984 0.072745679807563 0.070230146379367 0.064926610060761 0.059088856612042 0.054447118881412 0.053140135694146 0.041757967920821 0.034542472398987 0.030122111937427 0.028246778750137 0.028852705659772 0.031838997142909 0.036998201763245 0.043944104109123 0.052073525025258 0.060856604710949 
0.066998965775866 0.069831426185747 0.075832512426557 0.079612466636755 0.071777068912300 0.066285668283141 0.060908721708021 0.055692979198703 0.051043827582972 0.046787937983881 0.040133794817805 0.034532523818251 0.030811825402745 0.029285060789543 0.030079915876432 0.033174880957511 0.038342122153120 0.044952805189510 0.051709932990984 0.056517017569877 
0.069868543253704 0.071584468885960 0.084144853613262 0.076543819380318 0.069527505958604 0.063550453954396 0.058169476978093 0.053248029330436 0.048763023659247 0.044437690445192 0.039643704782476 0.035359962097621 0.032407290009852 0.031311293125496 0.032344763378524 0.035609889289709 0.041036008808408 0.048032346856732 0.054845921016686 0.058057991495578 
0.071584468885960 0.076736459197913 0.078540878165613 0.073675656070072 0.067485626862616 0.061676485392188 0.056552541961749 0.052087715968403 0.048186457086617 0.044628507760828 0.041097152513456 0.037731504460917 0.035373807780492 0.034651286484679 0.035856236449452 0.039180388504246 0.045028039790830 0.053519658149342 0.063125895891581 0.064014042491166 
0.083110365811647 0.085620375825825 0.080380660100396 0.073365128582395 0.066628626520065 0.060843324712648 0.056093766323876 0.052285501251689 0.049310213727991 0.047000974162303 0.044859760413488 0.041940535570845 0.039886507225202 0.039454946223125 0.040675031655836 0.043469631308456 0.049135824447935 0.059839594605009 0.081082572085918 0.071584468885960 
0.092482078807124 0.102690998628975 0.084997568784719 0.074274148862841 0.066641814631243 0.060942470047361 0.056712627688330 0.053694654350571 0.051826892269808 0.051280429964340 0.051582556648926 0.047867444290965 0.045708905399092 0.045734071851585 0.047085396868864 0.047936553640222 0.050799808389011 0.057196939174477 0.067223042493822 0.075136359312558 
0.091891385593294 0.099174410863199 0.083634564175551 0.073668166825669 0.066649376194164 0.061649280755755 0.058215309610227 0.055998361059793 0.054949541623558 0.056398704911011 0.063726832409975 0.054346598803665 0.051857425526788 0.053327913694432 0.056642086474149 0.053159204088686 0.051549669111234 0.052983865457622 0.056605651529996 0.059665264602438 
0.084300546375069 0.083089950812137 0.077675760527901 0.071664296167385 0.066536962450698 0.062829879510429 0.060531149476217 0.059071303758694 0.057331185950755 0.056836821505140 0.057772756660062 0.055624458376316 0.056098327042134 0.061025061308032 0.074650081088274 0.058864912891605 0.051929956974150 0.049194544667584 0.048848546168869 0.049269827622936 
0.078338796012072 0.071584468885960 0.073276870576550 0.070243943471486 0.066786848885216 0.064488395833839 0.063832781348766 0.064147889766299 0.060247427658011 0.057549789040001 0.056499295263771 0.056130854161561 0.057679310511886 0.061223223297359 0.064579846911731 0.057710291615323 0.050837995668650 0.046066971969062 0.043445205966312 0.042393270462762 
0.079441789155304 0.077787553920665 0.074469885180734 0.070604371102031 0.067510152187759 0.066163876687430 0.067611319115816 0.074590701275715 0.063649215502945 0.058585520572269 0.056592592474943 0.056762560234184 0.059100919554817 0.063081824380936 0.066068591543520 0.058657940906770 0.050485341650589 0.044148716801305 0.040118946563138 0.038222836037929 
0.082585337604430 0.085984571052535 0.077052087380457 0.071473393193115 0.068001264913003 0.066505760067450 0.066835841749661 0.067664866977103 0.062735800866765 0.058635096786529 0.056759588136812 0.057356864427375 0.060687098198409 0.067296771721809 0.079058004557144 0.062370775220535 0.051160211860286 0.043444036470959 0.038595907035059 0.036276440888793 
