0.001169260256941 0.001355310442845 0.001680414660311 0.002105613592143 0.002564822608498 0.002972293835133 0.003443966389103 0.004069423763727 0.004904500142981 0.005938451567576 0.007117081548249 0.007947382613949 0.006686966749049 0.005099181565803 0.003673785270289 0.002528917831491 0.001671268692659 0.001073233150608 0.000699562108566 0.000520621232642 
0.001200682307604 0.001395279060323 0.001744588172355 0.002224238115803 0.002770557278574 0.003089508847245 0.003500378906327 0.004085548866156 0.004900836879359 0.006020062318627 0.007608331547095 0.010114549747623 0.007147873574679 0.005119319996538 0.003607896823699 0.002468551025684 0.001633036306107 0.001053942112286 0.000692306139816 0.000518980494896 
0.001221936141726 0.001425694648475 0.001804094273973 0.002379165335549 0.003288452043438 0.003241599431009 0.003541329481599 0.004047190871488 0.004758754558126 0.005749477777297 0.007236519684638 0.009984790068352 0.006768954729263 0.004775532545158 0.003352254906991 0.002295804135031 0.001524018430556 0.000988687339254 0.000653653955457 0.000492755389801 
0.001219724560050 0.001419596640168 0.001777760931744 0.002267804849099 0.002823947203278 0.003147843725016 0.003516478774209 0.003963455305801 0.004490818663447 0.005091610357206 0.005638135977646 0.006395779151533 0.005244137790436 0.004015062505156 0.002913971461836 0.002028714126419 0.001360369948868 0.000889375203450 0.000592032030076 0.000448534532972 
0.001201318367257 0.001396212178573 0.001736806130396 0.002184938667396 0.002678536725921 0.003123544089693 0.003554344045332 0.003957069703510 0.004300509950858 0.004589976843601 0.004775911778460 0.004777683151795 0.004138133951386 0.003286596400072 0.002450680892225 0.001736527005729 0.001178375961293 0.000777226303512 0.000521058320354 0.000396618286263 
0.001185551176367 0.001382480992756 0.001725419190980 0.002180985765399 0.002705980633382 0.003251037884446 0.003773847721910 0.004175836379323 0.004331605622849 0.004347183949852 0.004239219348787 0.003956988750736 0.003411787712277 0.002739235723152 0.002070030393292 0.001484125285807 0.001016967167078 0.000676375895210 0.000456723579691 0.000349340375458 
0.001192117837902 0.001399712619451 0.001764371655051 0.002261303887955 0.002866413684514 0.003557961841867 0.004275498498501 0.004804427479116 0.004667880925403 0.004403275412178 0.004061293307799 0.003598489132406 0.003023734559054 0.002407275024850 0.001820698489493 0.001312366570429 0.000906079207228 0.000607896800803 0.000414217136827 0.000318995678991 
0.001231631153389 0.001455406735041 0.001851935293859 0.002402812885256 0.003106288633089 0.003999728081480 0.005114082727824 0.006226170520173 0.005244137790436 0.004690687746580 0.004186752468177 0.003558000437190 0.002898633512400 0.002271333460052 0.001711699087184 0.001239521155098 0.000864127418537 0.000587252881174 0.000405962934034 0.000316241121921 
0.001303683038956 0.001542936769669 0.001966317909694 0.002552996862090 0.003314331171549 0.004365904156955 0.006065197335512 0.009790199158547 0.005765995066574 0.005032068221345 0.004585457063545 0.003736421674521 0.002954787681641 0.002289972903675 0.001732014784600 0.001270143651900 0.000900987408368 0.000624639114280 0.000440945164570 0.000349108753391 
0.001405345280125 0.001652686311056 0.002083747178623 0.002663741142140 0.003371410417847 0.004208299612037 0.005062435069391 0.005244137790436 0.005244137790436 0.005150757097332 0.005477644340585 0.004006615015042 0.003092161554878 0.002415105142314 0.001867700723504 0.001405965127305 0.001023004535184 0.000726389956721 0.000524391380727 0.000422059524996 
0.001545877743942 0.001793444277299 0.002217511435420 0.002777349687438 0.003435230460494 0.004151680821350 0.004797725088370 0.005086362971708 0.005088243711497 0.004885775597773 0.004609854847986 0.003860329200865 0.003179418883835 0.002615422632833 0.002122468883273 0.001657290121365 0.001237128523864 0.000895250877874 0.000656502491272 0.000534264862753 
0.001752690414687 0.002002397818381 0.002423244120564 0.002969374717307 0.003600367155344 0.004290852947657 0.004960138450559 0.005244137790436 0.005181557433301 0.004774126041409 0.004327108114924 0.003805102903719 0.003338302890291 0.002943105171594 0.002545625116687 0.002051725874717 0.001550291867445 0.001127097661638 0.000829201355626 0.000676779071863 
0.002047977144350 0.002310219842440 0.002744435581539 0.003286298633465 0.003882587446010 0.004572216015346 0.005546495629040 0.008045931925954 0.005660321533953 0.004804777875016 0.004264781832796 0.003870438820276 0.003614468179403 0.003461017387471 0.003246299563286 0.002630088350377 0.001957606435813 0.001401878744393 0.001021014609251 0.000829538414386 
0.002430574349792 0.002724805444785 0.003206338220023 0.003762906909971 0.004246934336245 0.004678270616583 0.005205542876795 0.005821832975348 0.005183223577574 0.004634066769548 0.004216094243459 0.003977629238048 0.003968374063995 0.004206555979007 0.004500277717156 0.003420155944216 0.002410172203068 0.001668581561327 0.001192721192816 0.000961040880453 
0.002865956559281 0.003221718395516 0.003821851935691 0.004498197250152 0.004825058998860 0.004830396851913 0.004890165756714 0.004958128595515 0.004723112753021 0.004460016779325 0.004148682997617 0.004029268984256 0.004236129956710 0.005025538137470 0.007222085594400 0.004263897358128 0.002741469340708 0.001831836130195 0.001291124046400 0.001035315884227 
0.003282733273796 0.003722642269897 0.004544536585094 0.005693325527252 0.005828794982315 0.005070900393642 0.004722727749167 0.004547689583243 0.004416939612982 0.004429878113200 0.004035836450429 0.003915689834575 0.004060745362466 0.004518328491506 0.005295584541602 0.003764688270625 0.002594141812759 0.001783775044730 0.001275010041166 0.001029433199974 
0.003590482445074 0.004069981682554 0.005067122393360 0.006998522777980 0.005794846200979 0.005033548229221 0.004556889976493 0.004266225754267 0.004085817205324 0.003970182998896 0.003786351434169 0.003693051926777 0.003707124220926 0.003772337780276 0.003726900612724 0.002999823945948 0.002219814118315 0.001590350192809 0.001164868182879 0.000952497958345 
0.003755415138770 0.004130820846730 0.004786185164454 0.005534499987948 0.005393316779755 0.004859263547746 0.004400903455169 0.004083085035871 0.003878714445382 0.003740476005162 0.003617572386440 0.003527654750790 0.003444010541081 0.003251591107294 0.002938699852978 0.002407368947464 0.001836421416983 0.001350559977023 0.001008933348429 0.000834610118903 
0.003890976559569 0.004158736091621 0.004585444979889 0.005059981915810 0.005462646118890 0.004764464440330 0.004312708468399 0.004015583440702 0.003828034914928 0.003698951574860 0.003601520842766 0.003516634724166 0.003423213431825 0.002976491988099 0.002494376909101 0.001991072043229 0.001516983942997 0.001125018617194 0.000849745955865 0.000708714703861 
0.004098169847440 0.004276779960453 0.004523977039591 0.004762494510722 0.004858494846516 0.004575765059810 0.004276975610333 0.004064075581328 0.003937462061761 0.003824461140469 0.003742240767134 0.003644840272045 0.003844663306113 0.002851651350659 0.002203353794669 0.001690070916432 0.001268182591556 0.000939981255511 0.000715264348918 0.000601159536547 
0.004429301773068 0.004554963107309 0.004659520907096 0.004755932064043 0.004765877257357 0.004572305542720 0.004351002403934 0.004223594487318 0.004212330793917 0.004079439173812 0.004026261922032 0.003557573049216 0.003140407936940 0.002484601007104 0.001911251315802 0.001445822771205 0.001079099984875 0.000805193048736 0.000622321925416 0.000530433000632 
0.004862443825830 0.005031444255792 0.004956709993355 0.004973335020304 0.005016839268498 0.004754004296582 0.004496397956580 0.004412705523655 0.004710863308182 0.004356594467975 0.004802718969385 0.003507835165373 0.002767663723140 0.002157668738019 0.001654095971560 0.001254535435869 0.000949368315132 0.000727634300263 0.000582030949775 0.000508822742263 
0.005244137790436 0.005851728843174 0.005244137790436 0.005244137790436 0.005675901300853 0.005050086518535 0.004593024273790 0.004307569048786 0.004156886067620 0.003882423419316 0.003660923853855 0.002995520076946 0.002384805318240 0.001864945059996 0.001444805481261 0.001122387423019 0.000884407570103 0.000713804617650 0.000601725891122 0.000542659976999 
0.012292888744841 0.007912129817074 0.006492298913718 0.006519755932617 0.007437186037373 0.005244137790436 0.004617540469714 0.004167208522232 0.003810606196050 0.003444122185322 0.003056634545532 0.002549514094485 0.002052987125855 0.001626998979969 0.001295175464963 0.001057042077397 0.000891427774246 0.000767824374298 0.000684549803171 0.000629443222779 
0.008643081719175 0.007022754965404 0.006298259425494 0.006082992300981 0.005978082354013 0.005162362328444 0.004548425443649 0.004039039249327 0.003585284188265 0.003144104457585 0.002698832924234 0.002236457063922 0.001807863771331 0.001457397690456 0.001209021313104 0.001061587257008 0.000979316604719 0.000886572395497 0.000830704064772 0.000750361001295 
0.006623007929821 0.005244137790436 0.005601264719267 0.005542675602713 0.005244137790436 0.004924643748220 0.004460809998833 0.003965847573608 0.003469738295153 0.002979102228895 0.002499773380026 0.002044743761310 0.001649216801132 0.001349714520800 0.001172503922373 0.001126612171715 0.001173522587393 0.001042527716028 0.001053961403875 0.000852170059828 
0.005990872096011 0.005244137790436 0.005322436266615 0.005244137790436 0.005149718301705 0.004881700921553 0.004490524457963 0.004004180119739 0.003472466092959 0.002935430433534 0.002419805386890 0.001950312289424 0.001559526590646 0.001280348270884 0.001144435292828 0.001200747674625 0.001598989453330 0.001094430780999 0.000909032344310 0.000791890370978 
0.006116696686813 0.005807927267045 0.005244137790436 0.005244137790436 0.005244137790436 0.005008834416508 0.004695473340896 0.004192162990829 0.003598204107840 0.002995743229438 0.002429806541998 0.001928870355446 0.001519690932729 0.001224100953933 0.001055482232116 0.001012334067901 0.001045447765915 0.000869007545006 0.000738078687494 0.000663303673296 
0.006565442159490 0.006631390642796 0.005244137790436 0.006668826525101 0.009281925670626 0.005244137790436 0.005156683229979 0.004563741958612 0.003840221115686 0.003135208139468 0.002502457265390 0.001961902905252 0.001524870825329 0.001196869661160 0.000977620242518 0.000851468022681 0.000773466011145 0.000663727631478 0.000573226446268 0.000522271913323 
0.006959342568505 0.008911409548814 0.006085750142519 0.009812865605092 0.019970600576532 0.006844991774028 0.006171836425142 0.005145868556777 0.004165064883554 0.003317081314858 0.002612339306613 0.002039295476296 0.001580303399686 0.001218117760591 0.000948569722349 0.000760780288252 0.000628733964155 0.000521520756806 0.000443816186722 0.000402531430120 
0.005405398717167 0.005244137790436 0.005244137790436 0.006526285176216 0.007956643677325 0.007226320543621 0.007570064039737 0.005749480486239 0.004458659067358 0.003481443707834 0.002733651047857 0.002159012378484 0.001700344334332 0.001303328228654 0.000980317204423 0.000737442555761 0.000563023707499 0.000439298748459 0.000358467092213 0.000318070052443 
0.004960329762249 0.004965002596110 0.005052350811009 0.005244137790436 0.005244137790436 0.007720719545254 0.014012317592186 0.005867585438469 0.004540919941640 0.003554819295688 0.002838234932446 0.002323993891790 0.001915731057607 0.001463962309244 0.001068563227456 0.000765750571870 0.000550031991784 0.000403941652891 0.000313263224609 0.000269591923229 
0.004616828254879 0.004681027333416 0.004805721491322 0.004995272107994 0.005234376882388 0.005767411415352 0.007489782634346 0.005624032677119 0.004390054823602 0.003507711469985 0.002902459935210 0.002536854492550 0.002311488631086 0.001700906271781 0.001189191348374 0.000819632185133 0.000566363712583 0.000400067960473 0.000299434560343 0.000251810354686 
0.004398523582900 0.004480177136420 0.004607011383837 0.004773070318436 0.004973993911876 0.005244137790436 0.005542406057688 0.004827160767284 0.004019124832606 0.003344400420261 0.002887805791982 0.002741130221407 0.003179652817455 0.001947117884348 0.001279882405970 0.000862905753099 0.000590804345653 0.000415268740159 0.000309695086455 0.000259824902474 
0.004354953332097 0.004432895850890 0.004535393948415 0.004644623250255 0.004736378717358 0.004781652203498 0.004694092017040 0.004244455604241 0.003671064431160 0.003136072036208 0.002723840801182 0.002465085766772 0.002296231771403 0.001721697533972 0.001228126305673 0.000865767280325 0.000613981998136 0.000446333451944 0.000343017434082 0.000293340981283 
0.004535897877779 0.004598770581442 0.004662361894758 0.004701030712371 0.004679214916551 0.004569141616410 0.004334832258856 0.003936979426246 0.003460372473971 0.002992229460185 0.002585005579615 0.002248731414443 0.001937079798279 0.001536881523628 0.001164694631638 0.000869101638145 0.000653123474078 0.000503229967580 0.000405991971696 0.000357326661972 
0.004975805510864 0.005019611699039 0.005040956532904 0.005010300677377 0.004872684213192 0.004628851485180 0.004292453234373 0.003878514981872 0.003428807650942 0.002984192900695 0.002568460341052 0.002185765576877 0.001825697765778 0.001471283820497 0.001159315796337 0.000913083396948 0.000732346911779 0.000602493910372 0.000508851311248 0.000458472209853 
0.005677102470037 0.005708364484221 0.005696544751239 0.005626341421933 0.005349535198079 0.004946537439173 0.004494921634903 0.004033586102898 0.003581807103082 0.003144852677471 0.002717287910549 0.002291813550077 0.001887954043523 0.001527631012452 0.001234808877911 0.001018722908559 0.000869692960649 0.000761577029507 0.000659338446492 0.000598898370720 
0.006588925145102 0.006638411999029 0.006603342289171 0.006631053297000 0.006123746113226 0.005477771777331 0.004872858989692 0.004350923086916 0.003900045439403 0.003484145112227 0.003057311194663 0.002570487726443 0.002095025713147 0.001691263328497 0.001387687557879 0.001186309282412 0.001070386379860 0.001002067057978 0.000855308429878 0.000768426855472 
0.007579203852841 0.007762342534553 0.007577216720858 0.008308052612108 0.007179330611991 0.006113247141471 0.005315476044482 0.004748470255929 0.004340937123325 0.004001627721210 0.003635116942362 0.003026721415829 0.002422162818125 0.001936342115767 0.001596658250148 0.001393386335217 0.001311197347923 0.001378867722040 0.001067593510231 0.000936869713135 
0.009393060415967 0.009634830091751 0.007688302231647 0.011916570643579 0.008272084797175 0.006592965684846 0.005643143006565 0.005102185037621 0.004834635571064 0.004680780641721 0.004604048566149 0.003656482184295 0.002823430746175 0.002222806679685 0.001830072076521 0.001595868271018 0.001460911153699 0.001347859223192 0.001165083708389 0.001057873568062 
0.010976977014801 0.013697906833462 0.008267091526400 0.008373514417928 0.007458492728834 0.006419448298757 0.005634975385101 0.005244137790436 0.005281465734743 0.005373366364077 0.006539812240775 0.004333442992648 0.003186819719606 0.002495459547096 0.002068486898872 0.001808700133064 0.001637878619389 0.001437330960127 0.001261389462730 0.001159838610825 
0.009855053478891 0.010099984976099 0.008405539083498 0.007566348733830 0.006806772159021 0.006034896660223 0.005256826855984 0.005172303534881 0.005102499060550 0.005046217882010 0.005019766834221 0.004108173442555 0.003296791711113 0.002705600620544 0.002304963882242 0.002026606702663 0.001788085293576 0.001554934046824 0.001361563768814 0.001252363782427 
0.008506083948866 0.008458300751378 0.007723210534308 0.006962054506178 0.006192843337727 0.005676593811993 0.005244137790436 0.005137918238450 0.004995810167533 0.004807213389147 0.004528071440232 0.003974787313799 0.003403475012676 0.002934570957870 0.002590585869636 0.002318671234827 0.001998130413688 0.001694626659003 0.001458525791842 0.001330162405388 
0.007879353372770 0.007529063974436 0.007096503417136 0.006390516409202 0.005342402898608 0.005244137790436 0.005293704515723 0.005208576027511 0.005044151306785 0.004806326925309 0.004490202555000 0.004067919025261 0.003626998627316 0.003242689249850 0.002966556083794 0.002767001600321 0.002264635756683 0.001834613097974 0.001533436973190 0.001378607476543 
0.007616427507878 0.006701733583017 0.006771417251984 0.006180902270471 0.005573871070927 0.005539933487190 0.005509790336910 0.005408758600608 0.005244137790436 0.005015564647818 0.004728232470663 0.004373176509415 0.003992469671664 0.003623364242954 0.003400361750531 0.003590283074840 0.002534423879075 0.001929463434561 0.001562652721031 0.001384212500403 
0.008571881177743 0.008793915075725 0.007125051280994 0.006005639190547 0.005244137790436 0.005849620143741 0.005813790208786 0.005942030063362 0.006096102599675 0.005368808743062 0.005159926577494 0.004853444661642 0.004501087061863 0.004003675415143 0.003517626022291 0.003105854248447 0.002436990515726 0.001893026501750 0.001527213016318 0.001344342636318 
0.009424086044982 0.012780953342908 0.006937484792668 0.005478621713368 0.005838363296773 0.006811048438533 0.005964705129088 0.006455080901106 0.006095186614118 0.005244137790436 0.005753539183909 0.005465678369417 0.005244137790436 0.004491299855648 0.003680561504966 0.002988346113442 0.002341303647012 0.001819837742848 0.001461925494879 0.001280945090721 
0.006920237431274 0.005244137790436 0.005244137790436 0.005540286218188 0.005819660993399 0.006408303720056 0.006710156940197 0.007822691503395 0.006592468106004 0.005931843155067 0.005854548517709 0.006032315165967 0.007572150130537 0.005130329176778 0.003856850894270 0.002975137924721 0.002283783330498 0.001757211566717 0.001401091648227 0.001221593813008 
0.006093083890330 0.005550620449120 0.005469114923866 0.005630105456625 0.005910059195921 0.006313935067308 0.006662352106797 0.006998296269731 0.006538416225325 0.006053232543898 0.005713074303119 0.005244137790436 0.005244137790436 0.004689327857208 0.003781415712751 0.002942182295054 0.002249507063545 0.001721459959742 0.001365804084957 0.001186953138678 
